idw.asc
NCOLS 251
NROWS 251
XLLCORNER 2
YLLCORNER 3
CELLSIZE 1
NODATA_VALUE -99999
[rows 152 to 170 of 251, columns 44 to 87 of 251]
114.98016810152635 115.28611293727815 116.02348510624988 116.80155081150515 117.62331605326222 118.36840480290843 119.59927437537281 120.76694092044323 121.61929184301357 122.41763651438379 123.05370792057526 123.39303950854602 123.40684934440708 123.48156553113044 123.72876868154954 124.30329260208897 124.89760823150591 125.60920378485953 126.37301074884388 127.74428103688652 128.63794702598622 129.55014994515977 130.2468702146249 130.6776324981783 131.10405449284767 131.28605380041282 131.30886541342744 131.40449956695466 131.97204406173364 132.78436835031914 133.521978444047 134.2324903603688 134.84850905107612 135.33609301837333 135.72860014251881 136.139312080116 136.70375906297716 137.10572013280634 137.16279904402583 137.43873540386474 137.77003457798637 138.20145544718636 138.65106957753972 139.11651703147112
114.7786632061016 115.10155094324716 115.57178574890682 116.18656730106022 117.26104416906406 117.9505488823439 118.79253444561562 119.89682816756651 121.01269465032584 122.10373495708572 122.96992083724405 123.4176361570668 123.41240017210134 123.28063939465518 123.34924168632824 123.78676385811079 124.33968401794979 125.02845130498984 125.90823031665158 127.10670091734023 128.29838301772028 129.23710479159757 129.90610897108945 130.29143367404674 130.80648429562316 131.13099257178567 131.2654048907386 131.3638954615552 131.74671071434756 132.5731269124039 133.25546156625924 133.97120437245937 134.5222993533042 135.06491442916524 135.22410043273177 135.42621694551724 136.20641456359624 136.93874570620727 137.12924210616356 137.3362080912714 137.478445223131 137.81294485794137 138.25250984040736 138.68069283021336
114.71007777951068 114.91641315598984 115.31943419306808 115.79952230714801 116.92982456909532 117.70929758922873 118.4893890243963 119.38961920794864 120.40280879026503 121.48706982219906 122.52787356289062 122.98014026325647 122.99649132493607 122.96198735353433 122.94046892986526 123.22371372746504 123.68187988633453 124.33156902761274 125.40688527858845 126.5246782029335 127.62752163878599 128.76493342987908 129.41384795741016 129.8833583895573 130.43837263684185 130.8062196266319 131.0699975619028 131.26946213860472 131.6635031686377 132.2252454516714 132.94092867211484 133.65241815663822 134.24711630701984 134.80540427170294 134.88199120538718 134.77553136037676 135.55536328818573 136.51776069585247 136.9788832993696 137.28192888159384 137.30665930622632 137.6039516026494 138.05622918797022 138.37125799378268
114.77383058887892 114.80411654311406 115.10944961027221 115.59201207886771 116.22137110844061 117.38444245856857 118.13092743014828 118.97934797448069 119.69157559003435 120.59260459442012 121.54053903267761 122.10049293923181 122.28503807022241 122.36165479993791 122.46973705690951 122.74498543249453 123.19424621053544 123.69556559816662 124.76392956429585 125.7036525468501 126.98390270067189 128.08078656681548 128.7082431781238 129.31766625963002 129.7881007377234 130.1640546300868 130.4701866058429 130.82094883962063 131.21118543988405 131.94014275567636 132.70103064741295 133.32856273869436 133.98590576629525 134.61713962287914 134.8161802618807 134.86984305773126 135.39914923237245 136.27090979830405 136.82501321007774 137.19609159701827 137.32392538933834 137.6332623818076 138.05027262966377 138.2557567686972
114.74619634025434 114.67996661907485 114.93446700853218 115.37089550151588 115.86658314968336 116.73890296553482 117.70054344039085 118.47514877213247 119.1752716419696 119.83767659516633 120.65811957019413 121.08385737861565 121.42572464271512 121.75338811123217 121.82504095597722 122.12788367159995 122.67373669984497 123.35795373358185 124.12115208813238 125.07658231628432 126.30278291952364 127.31130223107021 128.1728091018563 128.56975540589391 128.951833573351 129.21635261036025 129.67665055918545 130.05599861480982 130.65346680196757 131.2452542124543 132.142187823973 132.8250934415835 133.54090237880254 134.26905763644285 134.7138181117934 134.98068225769262 135.42291375353008 136.02892941138592 136.6267230397424 137.01804513035648 137.27016088914442 137.6412293482685 138.12511632217988 138.29311387261296
114.40803082516105 114.43770680249611 114.68759674163705 115.0487945910085 115.50073360237208 116.37115476431698 116.98232611841306 117.86869453647739 118.64821023339266 119.30291914578274 120.08058368245511 120.5167867829837 120.9520477077986 121.26277383921699 121.37622438258721 121.6713376648687 122.1336716805578 122.9392150757943 123.73374305702507 124.76882031961212 125.67184401413066 126.93586144662828 127.7868147927044 128.04990993697348 128.21635866415718 128.3228274046818 128.68638983184613 129.19964570901107 129.91999518818815 130.64559994815747 131.3473112485664 132.257364925424 133.00990005112095 133.73583199058965 134.26020951722478 134.81421305401744 135.24588178150398 135.8390394277474 136.24073262391025 136.72175404747247 137.06372952916445 137.40328685974984 137.79665748102425 138.00410557265516
113.92551977388267 114.15805092739998 114.49105988202287 114.82539907816798 115.36252681794544 115.97425223909327 116.749632406256 117.34912889251834 117.97817398575474 118.73335233177558 119.42593924972854 120.26351465251642 120.79884105299908 121.21571930319023 121.26269269441762 121.3164823603198 121.76813061653797 122.38578193490798 123.3429794685999 124.08154642139213 125.35280945782372 126.36784788249152 127.3380217046277 127.60978222936738 127.5634602092205 127.45351325815162 127.81833620739508 128.48881739673723 129.0972557520596 129.86791883538427 130.5735617605912 131.49201119613872 132.40196527581622 133.12591159318157 133.8067903458807 134.43836322940413 134.9278404985255 135.497416884396 135.93419570287085 136.32675078945155 136.68152753468044 137.00083378906027 137.19345956858146 137.28552944981627
113.46335752702605 113.70794605956847 113.98743819021684 114.57384555742966 115.1091782248548 115.723238242085 116.42178805331442 116.98343828589974 117.53430806284184 118.1541167474087 118.94433503276882 119.80387990248934 120.53960889472481 121.10726567632146 121.16247125254526 121.0196689502576 121.51576012785945 122.09056251532175 122.91338429621169 123.78026994087159 124.73023289668866 125.68098286498447 126.58768901804412 127.24873351461589 127.16745496298219 126.93835037820982 127.26711497345524 128.0502955021377 128.60486077817293 129.008438691855 129.6703793536201 130.70612924973577 131.78305325579026 132.58118143482446 133.3069234569277 133.92466626161715 134.54614896666533 134.96617450965044 135.43218026614727 135.91875897927082 136.32760343084655 136.5449536597864 136.6529203993717 136.6370763394105
112.80214857052833 113.3575209897164 113.670925692415 114.11124260651013 114.6899461924956 115.3696193214418 116.02857048858161 116.55749614178882 117.12341768547084 117.70695971677566 118.36534011727582 119.02921126345912 119.74752934400203 120.2658768803868 120.48642093621612 120.48699494410481 120.93863293483633 121.57479333792693 122.61458467044636 123.40046468002582 124.34974756988632 125.26077682925786 126.13589033415268 126.90581564852661 127.1319840372377 127.05592880432458 127.33794997048179 127.97339154332941 128.32383096217174 128.42691906985 128.9743968118892 129.8881042523789 131.00332937615022 131.96022813975176 132.73835098741583 133.39498132090807 134.05295561006355 134.56192606521816 135.03620601405262 135.45038655777086 135.8568200441767 136.25426893622762 136.38429359467835 136.4009231838701
112.20317849103277 112.76214170459423 113.27299277415163 113.81052774173051 114.34710972068432 114.92594553874424 115.4925844085247 115.98369423181106 116.69934145190561 117.34839146128617 117.89274001965666 118.38609727158384 118.7269382773404 119.04447982858906 119.44674563594704 119.85052293802461 120.321297109305 121.02337698595755 121.89458823964746 122.93265116914232 123.90013940722355 124.87247662047056 125.71775932186549 126.37435899686851 127.04427365026545 127.29779612161053 127.59632711836517 128.03595394746816 128.25032387838377 128.2283724564429 128.55666513224983 129.53010311602148 130.48034371211983 131.4137245259493 132.30123746128115 133.02506536501357 133.49936933406963 134.02878094131245 134.60007528611513 135.02571368107257 135.3971394962451 135.9217085337338 136.18372037834658 136.29651515060087
111.63504834000342 112.23569116663272 112.71653684893079 113.35922924823248 114.09971247237412 114.66070247882293 115.14471065487432 115.63121467452717 116.14873021097058 116.84183347415397 117.46143069637117 117.8870610704049 118.06393864391846 118.23677742933234 118.59243185966132 119.07504753620675 119.56034992259656 120.23979941436717 121.36006709247175 122.37255013978495 123.23654727562818 124.30231174354387 125.11865773512622 125.83944681580363 126.44534277375881 127.17439067417564 127.52372847404575 127.96001143396774 128.21816209242772 128.30301611286367 128.554631547961 129.3783498054084 130.16849337266646 130.88801390364245 131.9111225980975 132.61270922358946 133.0928649129996 133.50793454630724 134.03716537341728 134.4401014395703 134.89527914557067 135.36474655967874 135.83479547388333 136.05006066158106
111.0664531345022 111.72239209929042 112.4356350508556 113.01798581508338 113.91368521209893 114.43221334966586 114.82780824176345 115.14820167688937 115.68067963243617 116.3723653791097 117.1047647288012 117.7025798464934 117.96821368496677 117.9914895554346 118.1951779244876 118.68938740137527 119.18129663450645 119.88936606991729 120.42984749525304 121.79112648922082 122.69301501484577 123.58382404071001 124.38501224674313 125.21040017360465 125.82564307119704 126.28920491313936 127.12971120189297 127.6404459695543 127.96656210425554 128.25182745061232 128.52303117661629 129.02434288679046 129.9838686925469 130.6045594659762 131.19873532895102 132.16217705044596 132.7000600553798 133.08431763088663 133.46853544944196 133.85020322924797 134.1804448964117 134.69975692927125 135.3255906537594 135.7840688099863
110.66530665016516 111.3127530207786 112.09881175415634 112.76851208181846 113.5222198805291 114.26059957674087 114.49377293779816 114.59743663751043 115.02205474973084 115.77371065897083 116.65468583028806 117.3991480217744 117.8121531770863 117.89275825235275 118.01915066710168 118.32219677710127 118.95963511927242 119.55169936930929 120.10814106563642 121.04527273923608 122.0812995464897 122.92978089098268 123.72748364741089 124.53425925491739 125.16116689489367 125.67485048047917 126.16170392599707 126.8699266408099 127.46043688772735 127.77799654178072 128.2620052772676 128.654623343506 129.54295563265345 130.30909262316135 130.91006733069847 131.66010141420327 132.32103127392182 132.68926587702845 133.0549399408117 133.18493125480862 133.3689432732409 133.93737154590713 134.55395038856827 135.16532991955143
110.32445163443448 111.05902370182137 111.89713556920145 112.60898123963293 113.34400244695611 114.140805578026 114.33221553451462 114.32920310805929 114.62937785644667 115.32747475590219 116.14799137347757 116.84582161033293 117.2766257992225 117.57101732514457 117.76590915447903 118.05264173647052 118.51394038487896 119.04892688814574 119.72796497531975 120.44688696500509 121.61269476064939 122.23356811907784 122.96427037605424 123.63268700499013 124.43208563834382 124.96316015103393 125.62107827119551 126.0813084352469 126.61938695460512 127.20599750249882 127.71727861513043 128.13181520588648 128.82324660216005 129.55190386278116 130.47048289388306 131.11990168012701 131.94245643349487 132.30872855269695 132.6790783372338 132.7376020514263 132.75639805144192 133.2143336545131 133.9369826716109 134.49839180702926
110.1619943027945 110.71916818657301 111.4856917906898 112.37867761258804 113.26399686423343 113.94802232288747 114.30322212072825 114.33200267507716 114.55450511083724 115.08288386005647 115.70708083762118 116.26230083233533 116.66385737930389 117.0955865432514 117.38962619921256 117.7148863536471 118.12689979791273 118.65126786644413 119.2886292036585 119.87923473121187 120.98588410049689 121.54846898397886 122.30388345557192 122.87939176497667 123.67048448076012 124.20123617947692 124.77993550442669 125.25756296755716 125.70694804088097 126.26391003441074 126.6956252102728 127.49224921552235 128.3610794310027 129.0615348875983 129.62779095838874 130.29755935605147 131.19390244915783 131.85876799698931 132.32700199979942 132.58394434914058 132.63462418386536 132.85982993293376 133.44447272800136 134.09070049739486
110.11946909586892 110.61774498319836 111.30313298574329 112.1385716500866 112.94201049448577 113.65777841778694 114.12085123622342 114.35015308237539 114.52867410525701 114.9244358935935 115.3306142743393 115.72531071034902 116.06492590451987 116.43536973246938 116.82308883407687 117.19367158713774 117.67708957094642 117.91614613711901 118.54744451448678 119.25675549259432 120.06460755982944 120.92731299035461 121.65907991228312 122.23224694892562 123.01464121324418 123.54584180536959 124.13699409664666 124.62855727262445 125.10273972285532 125.56774477621252 126.1670572542798 126.67404658155642 127.34855879795462 128.29921668173895 129.093662824776 129.77356795322592 130.54601470574704 131.2337661238507 131.82171954764578 132.2175603832139 132.3793510704038 132.55609853254725 133.0886109220799 133.85855776743196
110.02550381450577 110.45339563670964 111.16576092889784 111.96211916907401 112.70754511073457 113.33178076325282 113.75714570854802 114.22541345249157 114.40759903069707 114.60343339027833 114.83101722458377 115.08719993191066 115.35439147339159 115.75839937847829 116.32198807457958 116.77047850870983 117.18792198085048 117.5405371778861 117.85445148589473 118.39788053728857 119.41646228336158 120.31808272503014 121.01418755429204 121.69955990017621 122.37362089716314 122.99059024048633 123.51134240473563 124.02150597737477 124.4589683518181 124.94682000378094 125.44215589432692 125.97361528908475 126.77950867794164 127.53936134999773 128.3255689194381 129.07926233192427 129.6781814638643 130.5008476271608 131.09720477240595 131.49556219939174 131.62619778964515 131.88723569201477 132.57252097843926 133.42666563288861
109.81789409341404 110.22732147538598 110.7853021248438 111.76587525418518 112.39625575485195 112.86159260300639 113.50144578068821 113.86785277394712 114.11970020045075 114.20301933602879 114.2828255105128 114.4163885012079 114.6732604258645 115.1160385401718 115.62214566917511 116.33374087544854 116.74551553251166 117.06771511417335 117.26966989813128 117.7308441225018 118.7282275988939 119.58625857125763 120.39309004785694 121.09128748494345 121.76069163508468 122.3315253377106 122.86162065938996 123.39545331635398 123.92320760362125 124.43310009456712 124.93101343052562 125.47056652385508 126.1583456831522 126.87929665381881 127.81015012495467 128.55773200274044 129.12987055525778 129.57997616644636 130.21422827709196 130.9891363002978 131.1778127899844 131.30542213974434 131.98389424706147 132.83914893693498
109.23489564996633 109.94564098092718 110.55611720571228 111.47057217433196 112.08581077213066 112.61693632793892 113.21454094820706 113.40476724239595 113.59881335577721 113.66759051287721 113.560434134732 113.56211058738914 113.92148516837058 114.4309368201255 115.14974061601261 115.66137852375687 116.36316447085828 116.57010818887385 116.64347598703779 116.90115845652907 117.77209958858727 118.84635450713208 119.71858427485762 120.51358878640144 121.04703187548739 121.74340451280028 122.29139461225209 122.87019257849938 123.4549521345665 124.00508275690085 124.4942793504313 124.9681451166313 125.62644341368556 126.410541406713 127.29165112342291 128.15686774146755 128.74877395470833 128.8700685021066 129.4388767215762 130.5129778679042 131.07556110168198 131.2298028033192 131.6229309599549 132.32666450528643
