idw.asc
NCOLS 251
NROWS 251
XLLCORNER 2
YLLCORNER 3
CELLSIZE 1
NODATA_VALUE -99999
[rows 19 to 37 of 251, columns 176 to 219 of 251]
54.73874809396346 53.95728194515121 53.23452931046477 52.153091811246355 51.04252792533462 50.091061337859294 49.35318055074136 48.629768515875504 47.73189305344856 46.961412006771276 46.12630371581588 45.188212301000966 44.56937410618591 44.41435477073843 44.17954455580163 43.49972804114834 42.65191837253718 42.10360309884981 41.66912337105059 41.239123283790185 41.24327282868196 41.35762712166422 41.40521315484014 41.41650932189977 41.17391712541563 41.05563279934908 40.91447440925553 40.66976133667857 40.51303558760661 40.31715223530104 40.16300205406078 39.909441632188376 39.81189768146161 39.62885018253381 39.520140829831746 39.47069106814304 39.31249148369855 39.18167192358306 38.967306945793105 38.79242466868585 38.54840397123373 38.39996499924804 38.291142596071694 38.2306932863539
54.902548006493035 54.05949247570451 53.358847496723 52.462860139082416 51.18682960190917 50.40870822538599 49.45787513083085 48.708267608425565 47.78264787073216 46.96796866283346 46.072279291794565 45.219813196492865 44.57091961754865 44.42828855103253 44.343016254560354 43.926111352785995 43.12952356362663 42.64484306406249 42.27663590459322 42.01295257184429 41.75286262086382 41.705022577896955 41.73099333639506 41.60620005404087 41.40111616930646 41.280050353997694 41.10652519457316 40.87975815398165 40.686011843977205 40.58866655992842 40.29543367282882 40.19917239174425 39.993040115747945 39.82398426018504 39.80207196614223 39.715897711668504 39.54081748893395 39.32809405705043 39.1944350709343 38.911566017213595 38.7422424931513 38.55465406970708 38.40013923349564 38.28810112121856
55.130936113413235 54.231580639073464 53.5232664058294 52.68970586324156 51.65595065660976 50.74052223643967 49.770645069477865 48.71123643680272 47.97207497183239 47.1009145427993 46.179011127329346 45.4726723576549 44.86803689251904 44.5790723577704 44.47240195887236 44.105643636986095 43.637092463375744 43.1238852895067 42.82098947319947 42.56689631399278 42.27376369092952 42.1460817923776 42.03249422646551 41.96541167807945 41.62738337714033 41.494215720594944 41.309851058003034 41.16683083907428 41.006117704100745 40.79165110385524 40.53779555300085 40.41360749317937 40.24628000737323 40.08249382245857 39.9933114613101 39.90752099957449 39.78055708101535 39.51441390937225 39.36049920365902 39.108633966726714 38.97313371393414 38.835222311416814 38.60977196501348 38.49900518026021
55.41541736582823 54.4646962020949 53.6544163601038 52.75889503609843 51.82014631151233 50.85879456412451 50.082716296078715 49.03068204950796 48.05195282236613 47.1463732779252 46.46574610590931 45.90554385523567 45.30871828279103 44.932387690299876 44.75455959839152 44.362189142806784 43.996306602518835 43.59548824629854 43.30519834362244 42.94765129750089 42.66675750223604 42.523353306955066 42.36882602187297 42.13665728173366 41.92564333261393 41.793044225611176 41.46937017131725 41.29330370109711 41.116045032621855 40.9752402906121 40.762682755844175 40.57835994578624 40.44581302653394 40.29599903883831 40.220665589426744 40.081598433271175 39.95436714367031 39.736854065695084 39.48934557711373 39.44369020932459 39.24988099348611 39.082290334031455 38.98684863721258 38.860821011298626
55.75199802204964 54.688372469757645 53.902391306120734 52.9603972002096 52.08780093869771 51.13723051037903 50.222346098998194 49.33731532222057 48.14522581854427 47.354998058155225 46.76222822004892 46.310126544742715 45.76899987265249 45.36696028508308 45.066523058335854 44.7007458504134 44.33731289693761 44.10288099523084 43.747551127156434 43.374401054953374 43.15914874524992 42.819351572330326 42.680540402200265 42.384496252143265 42.20577265472113 41.94541788876768 41.71578599830407 41.450217374122225 41.21405980514268 40.9550259692466 40.790340719722835 40.68463722970625 40.61601110855014 40.516687452484284 40.40934734636504 40.296336185077436 40.14204050833176 39.90782268745384 39.83131779506836 39.67968332508337 39.49548253605365 39.40655411087394 39.353472531008634 39.31275792344174
56.136579497656435 55.0261864840797 53.96587911992945 53.11174526968855 52.25895217969525 51.41875435691522 50.429514451709885 49.273422487601536 48.47366122424131 47.519603058118676 47.05718535330968 46.48862621859796 46.162970725299616 45.851803882060224 45.449645731616336 45.10625140464966 44.674961896735994 44.44771991288013 43.97721908371328 43.70105860248537 43.52066373399422 43.14477864624736 42.930407614208896 42.637576911834714 42.384131981076266 42.17554283965455 41.82841414927143 41.60174667599181 41.334965354451036 40.971208077525354 40.75654882202662 40.59330504929241 40.56463994360344 40.592345248386536 40.50225717725604 40.483511960143716 40.41593712307351 40.114107206805706 40.01048573855357 39.86259309593691 39.81828205025465 39.62334135301816 39.55838490563463 39.57661719335428
56.84753202838052 55.305645374172904 54.2491901515623 53.3329824291995 52.428925172370114 51.49122693247523 50.43211310979653 49.3459150409176 48.561797774110204 47.95847232160963 47.16974979898356 46.73489591866865 46.4235128226235 46.16086918249895 45.695328277917 45.43693867428645 45.186764259652485 44.664581860064814 44.424886537112805 44.035591866169355 43.784522300701695 43.45307267547995 43.149231327526465 42.94912742495652 42.67731508412465 42.37951360245301 42.09405206994043 41.66631679847902 41.28028355641555 40.935396805146155 40.57534099322906 40.361210572489355 40.4006219872371 40.56229890017195 40.61063025854072 40.5844784818039 40.59704300627368 40.41510737785344 40.24653550115084 40.15839001478943 39.9895767781864 39.802651566056745 39.68090077552145 39.62497557056759
57.32326656927813 55.838798775712526 54.58709667012981 53.6145589879919 52.50944271443 51.51350787470078 50.51983672540666 49.412716636407524 48.6869910735425 47.95473682035108 47.2949142862811 46.736840909605306 46.596608957165174 46.399724209434176 45.994136012905194 45.703697031704785 45.38458357877429 45.00349999103864 44.71010862872463 44.32255831227996 44.08289962463415 43.72977615308319 43.36041459440467 43.13360419130782 42.89241537127728 42.629475709131206 42.29231208951307 41.90290557221219 41.41667766089561 40.93480352524433 40.39976114933587 40.06673705431984 40.19669163647883 40.5470948777879 40.80401325241269 40.865243222970825 40.792747470064185 40.76254708766875 40.58851843871058 40.501728704559795 40.264118237098444 40.0231101197658 39.84314607891099 39.718623203597595
57.70967272977772 55.96768081475472 54.91864284215095 53.734559399267305 52.624279474419765 51.66105144397909 50.58811765235659 49.63040374466946 48.71252058513006 48.01778831371148 47.214083294400325 46.70331072057852 46.59394669688653 46.522814005626266 46.239618418665856 45.90345586583223 45.56471495971105 45.299778067982494 44.95961419961526 44.73078283422213 44.29197293945109 43.93368331074015 43.555240441045086 43.352089311947786 43.09445379672855 42.829389922361294 42.52682261540561 42.09233163141484 41.57427293171457 41.05681589789699 40.471995974720045 40.10041136704702 40.25506468468617 40.662633660566144 40.94854932327796 41.052059671844596 41.1923817068809 41.09207109664276 40.95210752629003 40.80982139756964 40.667512226401385 40.43383804942592 40.197941796998215 40.06088316125402
58.01671580731735 56.317309220488376 55.11920064867379 53.816551997461374 52.75729612110641 51.75490492272542 50.67964469866058 49.73480949510541 48.89254167025924 48.10858240748663 47.30642394562611 46.78127418407725 46.57880245933358 46.56823584625927 46.2872304010935 45.99181035129681 45.64993175672965 45.39896145026622 45.09373207890942 44.8830413396542 44.56843627536545 44.076369715651516 43.81700998287347 43.49888279469114 43.225094177923864 42.95582086194199 42.663741109534634 42.251435049038776 41.88201863217426 41.39210670403109 40.92218737175006 40.6442850511176 40.70904573390085 40.99037091983589 41.22343976754362 41.32201877123362 41.310377628823844 41.28141434791041 41.1881997204542 41.101913085424364 41.02487759458992 40.881289218796894 40.657949655014896 40.48994026289006
58.227772767387044 56.88306871489022 55.235075195943665 54.1022678440964 53.01000221615247 51.775890900779316 50.735597469323324 49.73429702522281 48.99314450476037 48.21769654742552 47.6024419527855 47.118689534347084 46.70373326036511 46.581947396797915 46.30187062028111 45.98243660748216 45.71456600522022 45.48326892096474 45.17574201565088 45.01644799980462 44.68016838326388 44.29243704141401 44.001745924304345 43.60973099724041 43.322217623121674 43.05404173074628 42.73347932235427 42.42811993788717 42.1212672796018 41.749299563776646 41.46355346962703 41.31454868684374 41.286836754511405 41.355955223027195 41.45549167089262 41.44052063286482 41.41738571644542 41.35470088554565 41.34894081648114 41.27502517698882 41.26643436674623 41.23316065595492 41.20023701206276 41.08515355294039
58.257119056305854 57.03890290336495 55.38001997108792 54.220722385170525 53.098863147929286 51.904673391013255 50.709593244942916 49.79010299634452 48.96905130211524 48.42975826195966 47.98501432607057 47.53522487713025 47.17573902187397 46.6698854744102 46.286459633625995 45.9406388828187 45.6649892026238 45.43656559497016 45.23809356731298 45.12488839037371 44.81186927946226 44.466550816472086 44.09564364576099 43.73878958548864 43.3818298768723 43.049612684168984 42.8373312154388 42.59972875051783 42.29473729394212 42.061918552895 41.8247734299029 41.70925986139005 41.667668036190655 41.67333441281208 41.65011318560711 41.55675296993963 41.39902274189423 41.32715662859023 41.38243927750583 41.449548612530656 41.54332574111538 41.58411645925796 41.58095512941802 41.49106087968087
58.38152957934721 57.08578765415171 55.40871047596564 54.22980371240811 53.01823007297652 51.95037945224888 50.87532784442516 49.920763351034495 49.01785760825182 48.551491611906144 48.157602280760095 47.8822858160985 47.52518732804081 46.866584205588794 46.292742256342336 45.88308406235663 45.5838009517489 45.340808253618064 45.14041106213988 45.1092192305544 44.95569105429048 44.60308467603945 44.152599401436795 43.71198231453746 43.26183242480657 43.01648552582824 42.883818898710516 42.73232341217324 42.40057514915529 42.09221280220634 41.87426453353848 41.830137701089924 41.84388401783684 41.84482063423572 41.76688779186313 41.57998108118813 41.31370620982298 41.159738323402266 41.30747557177159 41.58911759629991 41.69333968768345 41.75512401651558 41.763654769496554 41.76249996312225
58.62451753310332 57.136029964001075 55.46423699608512 54.207576938489076 53.080904585682525 52.012484373013805 50.90739343893065 49.830825574969964 49.08859241488241 48.54937713675185 48.315796669282896 48.169416499565486 47.7862157418903 47.11407669116084 46.35764954061048 45.83073603528861 45.54053158808497 45.345173422083455 45.00118585839333 45.109887405669056 45.03975753234124 44.73309678997244 44.27030524669586 43.64079223754453 43.115458320725715 42.8355349858784 42.846682293657004 42.76996238820428 42.43671161604955 41.9929426756908 41.710896594701325 41.75804860745723 41.92594992817119 42.00671299608969 41.93415999944773 41.7063093135267 41.3955493949288 41.2233078139485 41.3936001261618 41.69647353844232 41.83082951135884 41.77758985019278 41.794604623310704 41.88569523198126
58.70440579453467 57.44535473519799 55.55475844439165 54.24436453231358 53.12622908704283 52.03337790504836 50.788000712689595 49.91032872105583 49.098869528003725 48.53137838880533 48.3468690680375 48.30486095853278 47.96276336797303 47.30780713438417 46.39666151072817 45.8676368743902 45.52591646480058 45.46559736550396 45.28897765144281 45.25498604919927 45.17324382752464 44.81536635136386 44.347887242114304 43.704091443292334 43.033235880045694 42.716500938153494 42.80128611869911 42.83765559299035 42.536001960100066 42.011704165347645 41.66927002116432 41.75727695384819 42.00790388592551 42.1382482360248 42.12202665468682 41.97261222935504 41.74508041785314 41.614382364393144 41.707282232286005 41.89473657655236 41.91273168878723 41.809479909272675 41.840596766040605 41.99752109269139
59.00406185976623 57.325089744267814 55.65765171148327 54.50787023672801 53.246928430478505 51.93779918358598 50.92140857560047 49.98188263986084 49.199625070453706 48.66387062909828 48.41247458101134 48.3044574623788 48.00542226722345 47.33858404990993 46.54109628021383 45.99735609815109 45.67663147007248 45.555449416365015 45.53120184366027 45.45782820676756 45.331527001095544 44.939741548129476 44.51562318292985 43.943143745673105 43.35008410810915 42.995399186779856 42.98202293076003 42.986748313563844 42.746161788543084 42.32593567470675 42.04252704152382 42.06660223810298 42.24761197168238 42.37033630458499 42.41392465530817 42.31099576162008 42.14708807924914 42.05838924921893 42.116435539932354 42.14995938455369 42.140823313793945 42.06781742968178 42.104472848165436 42.263936445079096
58.914953189383354 57.28882216388864 55.70358153214632 54.57431939162223 53.3182411342309 52.17685244840909 51.097563524055154 50.21490415246881 49.48262929277615 48.96174398737251 48.63166134313485 48.348822797881944 48.0324120722851 47.4254541480275 46.68484258001869 46.2077243661243 45.89199610685322 45.66392092132231 45.568206232125696 45.555428137875744 45.45056828691662 45.10635360077216 44.74861642744493 44.32235909465591 43.865430717279814 43.53745731443212 43.39949106156744 43.259742835193755 43.06375262142985 42.79126677732329 42.58723699640031 42.551893639274994 42.58043240865025 42.630962762634915 42.70609751530785 42.64224828046094 42.50846841114004 42.48190158562812 42.49798330666882 42.476441469235276 42.478844412646154 42.47416293171749 42.51462782887986 42.63766197784733
58.94207486203429 57.15092687409345 55.75437651033689 54.31029560421087 53.30294174625406 52.2980972409026 51.251466442020934 50.564829980052146 49.9574880015634 49.38009761778847 48.980908334433174 48.647648498847246 48.186355430634926 47.58633862220695 46.958010276776456 46.439369986870545 46.10835048634335 45.828487761554214 45.65736985016213 45.63951525936517 45.473499767304894 45.27850812633354 44.996768652741636 44.67184616800453 44.33842162367936 44.072981345549216 43.82298383237122 43.67717231650446 43.42303255374163 43.228104136732256 43.06783799311875 43.00220508444506 42.94931165784286 43.02120109596784 43.02701593852978 42.985780107003364 42.90471873479809 42.90171525686234 42.889268332042036 42.89881169736258 42.86264213833803 42.876387457425764 42.907188714373675 43.03169121181241
58.74738759130435 57.01771724202623 55.398235879722414 54.24153737974016 53.13281634273287 52.290342691067686 51.49765307761869 50.76935556202624 50.26318778365873 49.72720425692138 49.29841442025222 48.90095647813277 48.45294020414627 47.73424552114961 47.30667661229283 46.68220575487899 46.381927344401475 46.1293690474587 45.934813639791315 45.822876395978675 45.64472295158832 45.55022998214576 45.2851343147721 45.01009596853985 44.75434750962919 44.523890892744106 44.327387944738106 44.0658276156714 43.897132946204 43.65698475033786 43.53346582287838 43.41299395550449 43.36312544062477 43.369381016302995 43.368706611674384 43.323312457741515 43.30988870412662 43.30409668617328 43.31105821870624 43.29833533279875 43.25113027764079 43.250394101969526 43.25542765440727 43.32940050990678
