idw.asc
NCOLS 251
NROWS 251
XLLCORNER 2
YLLCORNER 3
CELLSIZE 1
NODATA_VALUE -99999
[rows 19 to 37 of 251, columns 132 to 175 of 251]
90.490464468619 89.87390554223809 89.36019364693294 88.86604216270985 88.43714658874494 88.13199867877825 87.5822709810709 86.55441936669824 85.64582930475926 84.82810755401331 84.23654846224773 83.54638989691759 83.09783959676864 82.54581746952552 81.89520585618179 81.08166911901891 80.05129590857914 78.97994060212542 78.22450760499332 77.79433533317679 77.45929141866347 76.84026746213024 75.9642796448359 74.78949889608282 73.6734605151633 72.5490746470522 71.20099507115026 70.15146513031588 69.00811976876984 67.85526902609415 66.98627617801071 66.26983986260774 65.79980301299923 64.95630721838484 64.06628047337995 63.116234724907905 62.109232838583466 61.29273266504148 59.97182569964106 58.90440650500084 57.8366574315283 56.88390307055735 55.86051546161145 55.287054027132314
90.53706760578027 90.07756040231907 89.73894024105715 89.29039625329168 88.66768269688166 88.463772505968 88.16067004569011 87.20516280972565 86.19157851493631 85.37384705131245 84.6648552262017 84.27799955295974 83.8238576344456 83.28804011803817 82.42685925662411 81.55476752303257 80.49514148797523 79.0117170228633 78.16336395156588 77.82816868223023 77.71293677721395 77.2189627339962 76.37423746594587 75.22581732247711 74.12630254398073 73.02435601117514 71.69754510046214 70.67283920511373 69.53450941644294 68.51648424653457 67.66897158295869 66.56572732956678 65.89407237087751 64.87538524556977 64.16380289217095 63.377121048973514 62.12190265484901 61.114803940653175 60.058314242169004 59.10182308423111 58.1603768450912 57.31046305950607 56.43473935840187 55.4763575448068
90.66593787259329 90.3149504944377 90.28645360611677 90.11406269134832 89.12815560323197 88.54052519349617 88.26642625833752 87.4776992932186 86.49294805641915 85.47627391598233 84.73711325311531 84.50364705215938 84.2896777143738 83.75370422167272 83.00150988323236 82.07077825471853 80.69920532936241 79.35286663323261 78.18475715302439 77.84521903452315 77.76793750429498 77.36458025472437 76.60727663563296 75.534329856154 74.49328385533119 73.43996663771149 72.15102134779576 71.15948814219387 70.03614059169057 69.2287346196874 68.09832780345398 67.08817389911148 66.16448725646275 64.87862398843755 64.3337633498642 63.4916691427435 62.45537316531178 61.198736721750016 60.26349541152938 59.227509050844596 58.39371666310042 57.66931999865035 56.896234085042614 55.75745415510202
90.87750816860868 90.55330818141367 90.70162295342995 90.88969341836055 89.92139536739963 88.94835073601453 88.37591917637596 87.65156994146267 86.77355134333239 85.71941261340504 84.87048455529971 84.56200466114059 84.5709442074417 84.10032446950345 83.41628853479389 82.64767739692888 81.01376014394206 79.80956654282525 78.61987978282671 78.08911077226549 77.80418048919208 77.40098496451797 76.73074179072883 75.75067189787727 74.78978460595245 73.79668949717676 72.81022774092988 71.59047958182894 70.48872725858016 69.68599917114491 68.77120201733352 67.6776979077714 66.29632813845025 65.36365726326554 64.52262398737834 63.815325693046894 62.65001928465347 61.60296394305874 60.72691075541436 59.5564166914105 58.727419965929805 57.94712991920033 57.293969192974735 56.365347344280536
91.18739403690559 90.81055724623633 90.66651094406535 90.58697583059607 89.96520778173097 89.20861512462137 88.66960551391034 88.07290935314767 87.22396059870869 86.21168307488863 85.39217520414101 84.94139244226433 84.68545619440273 84.41430377626513 84.07878108694776 83.0436295106964 81.78467761580639 80.32029060247736 79.4375039261128 78.50888136609582 78.09728882502235 77.49576258734169 76.85864199286974 75.94522241725923 75.05376538763237 74.11188192563029 73.19350333988584 71.98011272591513 70.87128347186027 70.06973618241642 69.15454623874798 68.28965498580838 66.63749975757753 65.65816952422439 64.70160915510536 64.11708842530079 62.93460156626733 61.89438476884681 60.8548052932069 59.88496106815921 59.122203831082395 58.36329464050336 57.71429558656874 57.02979265801906
91.6609660453671 90.98562138059475 90.65521195166043 90.37880785158517 89.85507358748687 89.35894202172868 89.0379243122222 88.67526965244366 87.81672025340102 86.80547952181769 85.85693498579336 85.14014175798454 84.60870450282627 84.51662218627321 84.2678923208283 83.50810483290915 82.55440518006851 81.06765075646499 80.01256454287781 79.24242704871189 78.40723894148724 77.70216244369604 76.93649649978127 76.17754651448811 75.37884172445808 74.45473375620456 73.50224621103028 72.55989801086979 71.17950612799426 70.36803949146176 69.46045067470799 68.84939250262677 67.06292993104545 65.95843107222045 65.35880701712844 64.35694705798764 63.29463221866767 62.189787867448494 61.15696913282872 60.419795574218405 59.52710153976354 58.94398210310067 58.16317564366602 57.45838603879851
92.06596703101927 91.39112169872433 90.80020219158452 90.38051704284742 89.95697770410621 89.56466613805601 89.49801265504667 89.36752418151643 88.53299466164586 87.35903837182168 86.27561380546082 85.36462385875194 84.68957155699823 84.54967780340125 84.31711909278536 83.67284228332912 82.6989718771059 81.68376367690715 80.97152351199676 80.06417642407119 79.04118352989929 78.37755568730536 77.42267706272588 76.66949419429946 75.68619446019315 74.7565390318947 73.90223943841507 72.91701776714415 71.50332063068966 70.65025396523498 69.73828395012804 68.93768820104768 67.56208629123154 66.69949405892895 65.87608309238041 65.01357228579383 63.62424443388695 62.476847592002414 61.40060297159301 60.68944755119742 59.89828368429005 59.367713975865506 58.74972280057492 58.02750833064271
92.55525701742756 91.8728016254308 91.19494146217846 90.65849259987637 90.07068253214422 89.6564125480986 89.57816996787054 89.53702218036746 88.90385784810978 87.8468677678324 86.7787450912328 85.8971446621384 85.21692339648935 84.75998362031413 84.42280829154457 83.83799566616209 82.90489975645556 81.96881007629705 81.33297272557542 80.78687263457796 79.93477419808868 79.0918020344021 78.18746527625655 77.25070169113687 76.39381271413534 75.38852480910771 74.36198066461584 73.23501339203834 72.01231614664934 70.79436346129407 69.87215997314533 69.14605515763643 68.06511571681864 67.33001273335906 66.42135247172943 65.41157552705698 63.90546625209243 62.795862132829335 61.41662366449031 60.757155558963916 60.23037140443416 59.80932575315075 59.20171885976625 58.47314680608025
93.08230669168753 92.33893234703912 91.57574204098846 90.96383994939796 90.4047456430858 89.94433809248133 89.58533958995592 89.39413434957198 88.92113243303288 88.147860643956 87.28339355520552 86.54975310925764 85.79826183606937 85.15186492876946 84.5885538995146 83.89091167835177 83.0654047148528 82.3409281589716 81.50686991878806 81.02235775184025 80.58438254664026 79.78402115997075 78.95762919620904 78.04357693222644 76.79048063273594 75.77440722392264 74.58975852557985 73.50709116872598 72.2215945910449 70.91326438438692 69.89167540049995 69.0847786432612 68.67117778301795 68.25910383430538 67.23117672103622 65.79327004885019 64.3726081290601 62.855444986279245 61.51976038154226 60.755084891095365 60.46336116035468 60.12834336520655 59.64374279202793 58.77509451890138
93.72559012000832 92.84080825544308 92.02655995437028 91.36154207113107 90.77414137038055 90.28755186210674 89.86077204534875 89.52761632572823 89.00706628052936 88.51695927985584 87.81021187780587 87.02451180781487 86.2698299641803 85.49898687223579 84.88900901772428 83.9458981736705 83.10026475056313 82.38170617130838 81.73584142639399 81.19620503379268 80.84842036912303 80.11893872249426 79.5661403187143 78.82924440600809 77.64129136897384 76.22692343631851 75.03681800553869 73.80638876203848 72.41820311681562 71.13986039644342 69.75120978564875 69.27824130964308 69.16884743322011 69.00214992009171 67.92215636295371 66.22812964709048 64.53570555943159 62.861959103849465 61.49601460557471 60.63587365142138 60.40566013323304 60.28629313632336 59.82237708659983 59.087253125166455
94.28017416394451 93.37721351222565 92.59875162344132 91.80917962274714 91.20931442773913 90.71597532283971 90.32819845467525 89.91708041317759 89.41212906621233 88.92076676395116 88.31000784588413 87.65469767970369 86.69265574125207 85.98820142092214 85.28791825247993 84.0597615094449 83.13958879318686 82.38689762604709 81.75556295942037 81.39884166107186 81.16387679534392 80.73157056564459 80.01847727436575 79.2321564631171 78.2412953248541 77.09204021730021 75.44337321197999 73.76950456210699 72.36905894445036 71.07214923357603 69.81113073647671 69.28487309258443 69.30785726628172 69.2335989591124 68.14846018283224 66.30458761506895 64.60899053042498 62.98905357000514 61.52215017489854 60.613326726861594 60.37794366280414 60.396976218761694 59.98313047250279 59.16344083304952
94.95125918600996 93.98732851759846 93.07692823116098 92.25861859378612 91.64864766374396 91.1582379062769 90.77222774813298 90.39047804819833 89.78802917678028 89.43987482910724 89.00204993000594 88.07988703115447 87.4255250492515 86.50248559734042 85.81195362500486 84.31807920702698 83.29099227992388 82.45426077588155 81.78550294800704 81.44767329326285 81.30640068098603 81.0774761220337 80.54783523738668 79.5710602190266 78.50749410342858 77.282210769947 75.95878212021375 74.27643202674031 72.62197717677347 71.11524974469856 69.91186408115196 69.28472191655797 69.00281094377922 68.68423118462675 67.75913016350167 66.11653396743532 64.5417390157453 63.34847612605535 62.00851869107119 61.163993025981206 60.74590067045258 60.5800092998892 60.08881790176561 59.280404677883716
95.95244581758396 94.58138515963712 93.6370770106264 92.67133789889148 92.04703677314316 91.55888573981117 91.09271144408957 90.77383805070046 90.39298907150646 90.08719304630164 89.5148452487896 88.81095064186773 87.96147221021664 86.95004700615658 86.15637611986726 84.96527251555617 83.51896895971909 82.47791205994447 81.76843445942752 81.40780809792538 81.36251807430945 81.23156225421145 80.79755259876825 79.93600948302904 78.87353779856922 77.4951034591091 75.97676236036587 74.40436218182998 72.89998206590575 71.2405716444669 70.10253136723587 69.22776117238364 68.58550916823744 68.02964543418162 66.97966006730438 65.58940920360125 64.51878026893019 63.493179335058706 62.55263480637585 61.941134144818115 61.43970014259453 60.95990507425398 60.42118555820619 59.41634613542393
96.43920408651532 95.30311059580963 94.03755521479516 93.29473076876727 92.52777542524332 91.75359639000325 91.46846815170541 91.35614158233436 91.10419170469068 90.83628379806845 90.10456799830698 89.37990071194842 88.46002122295165 87.5089634332298 86.52008699470633 85.29237487750893 84.00651923719366 82.61971912591787 81.78255583474568 81.40222156499969 81.33771823556616 81.26798015133207 80.8858658416232 80.15853979691728 78.96752055687878 77.5383180187342 76.03987745071078 74.64823063719246 72.8547382383549 71.57157743926453 70.2996040048979 69.24666166818918 68.3605514152531 67.54146564948486 66.3548416594648 65.27499443144114 64.38961890927902 63.8136980788455 63.00837080813167 62.38640925261468 61.92744134143361 61.38337718250431 60.65591761507609 59.58736909482323
96.99082995065424 95.99977670456538 94.84671953177549 93.90093527160823 92.76012395565058 92.12186204823597 91.8472689780901 91.76443633691173 91.84654174319546 91.58796593954874 90.70743120683862 89.87987859191077 89.09238647844685 88.00865500672032 87.11369789714172 85.6456474485166 84.38853115442357 83.01655584458582 81.84819510789218 81.4440116762966 81.35139678874289 81.29718630061615 80.86559721856494 80.10337964683362 78.94480328429105 77.49139084955146 75.99688047537813 74.41055092128424 72.878689741974 71.71549000713668 70.4900769152226 69.36399322557018 68.39986923049773 67.37360112519389 66.15184316435722 65.06704487499965 64.36341132709804 64.1032098328776 63.267009426334546 62.285693326182965 62.06158232145252 61.67896901374901 60.900924049370914 59.97005447755951
97.34200509616025 96.39617587604315 95.36267601790284 94.04605957775829 93.10624370462739 92.41233023703703 92.08544360142362 92.02084032065278 92.27617786138485 91.98972009920233 91.0519313717327 90.3072098140254 89.54196115883853 88.5795266629074 87.62475736332235 86.22252886354566 84.71008965437582 83.36248958658454 82.18606829249596 81.54990127192566 81.2986711732188 81.12267475470085 80.64353055915974 79.74812440044151 78.68829373836772 77.35526553061749 75.64503805710704 74.32754848342479 72.84871630110233 71.73104601709949 70.44234079618707 69.41111594693903 68.2469905809169 67.30395314898203 66.17233471196317 65.22915050134598 64.37989710989599 64.37121402063937 63.29335654677907 61.877810067351724 62.03501617815246 61.74850976347046 61.04287352882354 60.029260984828404
97.55255582960338 96.63879325224731 95.47685160378194 94.38911816805917 93.3776288480287 92.73726391622411 92.08989582691639 91.96362988951108 92.02012350393346 91.61004895298694 91.1217830066091 90.68518224380223 89.90744054454278 88.9915141730776 88.27956754901689 86.9499473910346 85.32278436691094 83.8462721865118 82.67658686323126 81.81970803221161 81.28231714294621 80.9136013504651 80.16916762526552 79.36372565096028 78.34484280384532 76.99850059546185 75.619321306118 73.90955604809729 72.72229874638172 71.56310378032624 70.246917842536 69.2905783801425 68.4470614609375 67.56061350878464 66.51106059182175 65.54498443269924 64.55852403575011 64.15701182236704 63.293640898375635 62.342918402275934 62.184476050792476 61.78491861703605 61.05706234086357 60.109247402067695
97.74001137822684 96.53449896920719 95.6540933355636 94.58053780196026 93.5697892368873 92.8064003618036 92.20929767667216 91.87720935812969 91.59687143127161 91.23890945437054 91.2696121857995 90.93281231406883 89.9321083106461 89.14603448693678 88.6691164245538 87.66156662726188 86.08044572421105 84.5019748979651 83.07213284645654 82.03076604139189 81.38035801554476 80.67269784724392 79.7638040467319 78.94243534780873 77.78439190995805 76.53530103899547 75.33321306374229 73.87370150090057 72.46859116578527 71.43588239289618 70.03800163450109 69.33809103778121 68.56089251136676 67.88045351901569 67.08616239685676 66.16833283224803 65.15452252688416 64.40773116732835 63.57233516020683 62.77165918177346 62.382499518943874 61.89786218479583 60.8803757313615 59.972077848475145
98.12189856171415 96.80624992183341 95.85512347987643 94.9276757350028 93.8010646622119 92.98240375202094 92.42010289631556 91.84269951531611 91.50802422942574 91.05694428480035 91.0773446057204 90.64503234455402 89.6431922140551 89.08234672858626 88.95733609591511 88.10626536792302 86.80223458707079 84.982077888064 83.54210557977794 82.4452116733423 81.39701961654964 80.33040679517747 79.5940498652781 78.52941626171796 77.27703561914001 76.18683651545548 74.97881468475387 73.55420040392475 72.44081023778956 71.26474053898609 69.97602543496511 69.19675517740103 68.80669616007891 68.38989741935433 67.84072299850209 67.0468381476325 65.97330282768078 65.08443264845263 64.00190989580153 63.081210803736276 62.53979687888222 61.85638202958461 60.86406617414305 59.777651641614746
