idw.asc
NCOLS 251
NROWS 251
XLLCORNER 2
YLLCORNER 3
CELLSIZE 1
NODATA_VALUE -99999
[rows 76 to 94 of 251, columns 44 to 87 of 251]
110.87595693770126 111.73114779496183 112.262797537898 112.66643533390312 112.95472954836035 113.37659520130498 113.74427418182945 114.03415014571583 114.36224566505193 114.66902200495285 114.98578693616946 115.20053002613334 115.22930687249973 115.79255357394013 116.75133123752182 117.76465271653093 118.6156580482721 119.28507468101299 119.77777655771354 120.15939353941508 120.40828411528473 120.58151295445148 120.62690103002274 120.69240968284635 120.57532354855348 120.7537001675708 121.10102573433424 121.60086634638986 122.00075954684081 122.45617771570875 122.64682796311659 122.72874989081255 123.02518000741566 123.70753086222062 124.19450187111823 124.35051217713588 124.29544401650068 124.32500504889884 124.45731293783238 124.67922325773331 124.75028878549652 124.70096782877268 124.62623146328208 124.65334787540303
111.4384597539501 112.23230882604895 112.765532137081 113.21737464809705 113.4263909516511 113.83005111601332 114.114791655175 114.4323021564408 114.7076958258131 115.23616626054495 115.70288854551077 115.90418655243893 116.17838322013064 116.85307242958395 117.65120024110423 118.55297010571027 119.22544014915697 119.81836298984761 120.24531802694412 120.56987910968796 120.77714428198027 121.00559847276257 121.07080116235932 120.89394654026607 120.9246735830462 121.15106463809823 121.5719027492782 121.96770846711433 122.44724949952018 122.8314970693902 123.11856005384708 123.54901410445254 124.04221347175096 124.54214793474644 124.82035985320879 124.82355006017602 124.94634568780072 125.21383938893351 125.2629388904559 125.35839225974598 125.38808356952157 125.57937581931452 125.55396177466663 125.41591064117894
112.26625486682946 112.84278055067892 113.29111165827173 113.56850043218611 113.72825977735042 113.88646735470944 114.18302729046322 114.65881630683275 115.48345742425656 115.71304225369593 116.32052399191217 116.75257674655042 117.14018825336592 117.87310704619813 118.53083229015768 119.30092487409019 119.82824136359869 120.34851252484684 120.66316493980602 120.80589621753036 120.95455367233474 121.32551452063629 121.48951001082922 121.32230719240111 121.3691565234736 121.69967001888281 122.04770347513268 122.50331056362258 122.86440385874158 123.3423074855887 123.92520648651846 124.25351067640966 124.60309909255564 124.85449444707208 124.8930053525316 125.02445573089086 125.38555988975762 125.72602787539473 125.83303977586068 126.23762920723783 126.36702173761215 126.50150682492755 126.5678469153249 126.41464801935365
112.73507363701864 113.2282308211986 113.51898792969573 113.70831438434283 113.7618117651958 113.86747318562435 114.23544347682358 115.11903929126846 115.71464129422559 116.27560233155292 117.19515325074786 117.43688106828219 118.06346146351277 118.70506351403415 119.28008836408006 119.90282106508404 120.35459943835777 120.6284074821778 120.82417107516252 120.84938134577342 120.98327069999053 121.34011475721628 121.4773873502699 121.60228072111285 121.94194484562196 122.29036683561245 122.71016280651197 123.17104699426895 123.57781334307549 124.07607798516212 124.41172593363326 124.75152272146832 125.06239713949823 125.33034133774164 125.40183271837049 125.61655401378995 125.93733633847731 126.33064498909343 126.63759986761943 126.8793425652721 127.10173932904902 127.39106334964097 127.57703199098545 127.56225040265325
113.0641210722584 113.45351196595529 113.66565179348436 113.79444665547223 113.77893213481919 113.9809312443148 114.60343196955841 115.34142620964411 116.12450453709575 116.92655480808799 117.77136700492987 118.3139629202324 119.09236334853527 119.4305805846835 119.93272046638343 120.49070692069802 120.73683956359167 120.85513469162524 120.92370574090948 120.95518630309236 121.17077762484098 121.5232093010844 121.81723184891753 122.26635460718283 122.70925211943796 123.26121089948684 123.52112163546546 123.90827582244466 124.19151122902528 124.55854117962856 124.89064460644018 125.3482024465511 125.79968731195365 126.25325980140612 126.5729571986651 126.76354285213567 126.77700236682007 126.98343959527978 127.15409055564737 127.48378254368711 127.78717223307395 128.21503769797877 128.53755535909795 128.58687430067403
113.28760867018383 113.72025805217588 114.08805287978642 114.21946122466247 114.17189484047259 114.4779915668147 115.04864288479426 115.78573264978642 116.57883358984432 117.41705016529859 118.32337638718452 118.97518160632586 119.80618045296609 120.26207184445407 120.84241235463806 121.10396661394427 121.1518048906754 121.16296558081103 121.19348994880937 121.28898865557777 121.56188644533201 122.02827914955382 122.50371428799423 123.1795718126173 123.93862093219788 124.27256592472266 124.33666150438737 124.62261048761997 124.89047415333539 125.34447723547719 125.65554998596804 126.00813479751497 126.50897157600912 127.0313750475345 127.5646017603224 127.66390291882934 127.53654338617599 127.56545668521476 127.74678853396908 127.97440967076322 128.3521722211781 128.85953083373317 129.330021157588 129.40424568379981
114.1259424118019 114.54902407288233 114.59112342519941 114.73043885116412 114.80834359534427 115.21872349253039 115.7132233990651 116.41938703842702 117.46482825298362 118.0955210258637 118.97532051483793 119.67153146393798 120.2275221727974 120.73830294138199 121.13441907220037 121.29101829897408 121.31749501783558 121.38497729826668 121.57948116574323 121.93380993486257 122.24299163051111 122.66709468355266 123.36081224276627 124.17223354963761 124.79075356763454 124.92838899237702 124.94428871463359 125.2133207774302 125.51720763800475 125.83533328372238 126.09230734898466 126.50242348782845 126.90974879751431 127.40185391180609 127.8355119162788 127.88229822271371 127.91600846853785 128.08063150848187 128.21502705324585 128.41441427703361 128.74226441748476 129.21358854058343 129.67275393585916 129.72827801444316
114.95734562492903 114.91294471647512 115.02195151451171 115.31530128455583 115.63429787177266 115.9576115359273 116.57793884140554 117.3072901548045 118.14122506204166 118.80827121650782 119.63725264453012 120.27706912536456 120.85481959627572 121.14201854983553 121.39227300440105 121.39068965056414 121.3732182530936 121.60890645264251 122.00250956244201 122.41209800643372 122.82625989356768 123.37625654554458 123.94199342338693 124.49480949736586 124.91029067649305 125.00795688247229 125.2947295464998 125.83374727928714 126.19946890370923 126.39678392204087 126.51946296728751 126.8490917322054 127.25043042767122 127.67336345426386 127.91764246566851 128.08953072547564 128.44618365375288 128.7005645287919 128.80269846176392 128.86950234296765 129.03278277429945 129.4194721340221 129.6317992089054 129.66638577904877
115.26899297451888 115.51926591729921 115.67957293996525 116.27056970855996 116.65085448718911 117.05273868062214 117.50721696072787 118.305381023586 118.84759816646213 119.29049239934083 120.25919651544574 120.86284593114634 121.42274545660584 121.73694952614495 121.78469546544756 121.76313898811678 121.80128430626193 122.07188944310639 122.48273611175121 122.92532599351429 123.51340647567162 123.94240246744432 124.3144853162807 124.68801214964213 125.04187069973172 125.34086741600778 125.98390922491025 126.82055430344833 127.09633278142405 126.9964979183459 127.01365981290486 127.32829768696361 127.62045330144817 127.97766165626827 128.37533324776854 128.89339083066554 129.49308020661073 129.58902932036543 129.44789449651748 129.40272064945327 129.55522319828168 129.69281235605678 129.79772494551574 129.88408183482017
115.66491972328419 115.94163461707312 116.4872570183195 117.22469075287582 117.58769865931886 117.91990541925907 118.32147628066798 119.12046734415846 119.71177708084234 120.3668451944155 121.20291735989446 121.57219450600074 121.79299370151065 122.11897721352092 122.21170986507728 122.2800807142788 122.42010161735377 122.70417660278976 123.23342503710438 123.64469839506688 124.11494119267 124.41056303484994 124.72321162481278 125.02548530250738 125.40170798034329 125.90990582576188 126.77355694243806 127.71600833888967 127.85660130596176 127.53192073113331 127.46536247283692 127.6221008456675 127.926273005463 128.34197950159785 128.9204958781708 129.77971963395026 130.49560686373314 130.38275978975753 129.9759801124891 129.8649870664338 129.98376373795244 130.18374804285625 130.42610051039173 130.5765699072345
116.44997263387357 116.89785622871824 117.35112684825896 117.76671496230654 118.16787000908957 118.49714616437026 119.19242099100421 119.78611511814807 120.20223002681124 121.03772585823236 121.6185779407914 121.95255756990372 122.486734831952 122.66269512335627 122.9119740103837 123.1676930754262 123.26014636147296 123.53638857841023 124.04147350129533 124.37829893921347 124.64018643733648 124.85143236772666 125.09777006225588 125.44645114668626 125.83855362174678 126.3793410159206 127.08636359507945 127.7467027846769 127.87022059018913 127.74177162174992 127.74073984053355 127.94934956910768 128.27292007516652 128.69626897697427 129.30601110603743 130.0411302845629 130.56668542045787 130.48804567162816 130.24866518023472 130.23417595782348 130.41178395591814 130.80982505046424 131.1572531338805 131.60711995633622
116.84587533435462 117.51612136867872 118.02791818991949 118.46753177492599 119.05206954356271 119.37752306284763 119.91303785676014 120.43990554060586 121.14284898632152 121.8514655438753 122.24794983873103 122.61092311111746 123.17942581278731 123.38697815387044 123.55134919516517 123.72607006647351 123.94611916165091 124.3044270372893 124.71953723956412 125.01899514743043 125.18099056753202 125.31342073485345 125.5163670544431 125.87310188673024 126.31591950828016 126.72337447619816 127.2451482838178 127.62984173685133 127.79643025109962 127.87561850650185 128.0553182415691 128.3220480712652 128.5665306717808 129.00454240574211 129.50963711013233 130.02258528508486 130.31165272405596 130.42201381884433 130.4830741960259 130.684436884934 131.02300715938898 131.4304963265417 131.84380960455826 132.308106492839
117.45000897907462 118.12495671508852 118.59927268185344 119.05532945283562 119.50004137273905 119.82035622100629 120.50606239738649 120.85231719960747 121.80467928669356 122.3235058709116 122.72103502352098 123.24330771794585 123.55257741262582 123.76270261677672 123.98417544009853 124.17394294280534 124.47309342547149 124.78879260721676 125.25632565154132 125.47658153096067 125.53009299830802 125.6020137198305 125.92865261496772 126.23150447111341 126.57738296641193 127.0730668163318 127.40234158366455 127.74249409421314 128.0686221488724 128.27993146718927 128.49596199958086 128.69280115661664 129.12014746432084 129.51170826908927 129.79760598997007 130.0910918292487 130.41961372567383 130.6279480588936 130.8640739206968 131.16045718175548 131.58326373902378 131.9890997809172 132.33843061607698 132.57252881648253
117.85422983622112 118.65124693648673 119.00624389995644 119.45190149265545 119.89930876245415 120.21252707124339 121.00710492083714 121.59673106187465 122.48086728489021 122.76611867123968 123.2785464118795 123.57679260773965 123.8749404385972 124.09997283788576 124.29811352340559 124.48350046628838 124.73324584169761 125.14040893555867 125.53538365167091 125.70973971776063 125.71195426774914 125.83191268709983 126.1657111875032 126.62279599175841 126.99509597419991 127.3946905882678 127.78010096556665 128.10588269067227 128.4679677296974 128.85113435880473 129.1192942877466 129.3805635037747 129.6172033363652 130.02671935961118 130.26579768576156 130.61674331468166 130.88202309968986 131.11254819309653 131.48614663278258 131.90531293183656 132.3823637672884 132.77897748009843 132.95505690480658 132.85087574570346
118.56907857322778 119.19688580269498 119.3736230356624 119.84798372027161 120.39139053939381 120.85780947400944 121.60818789294203 122.03069645939763 122.74364772068635 123.10102807798013 123.58673901290402 123.91889884697336 124.18270899482354 124.39037447703336 124.54790854275328 124.67243387518035 124.81204363084876 125.19013686225108 125.56562781280833 125.71352130050917 125.7818169345749 126.12135273485617 126.51203735790915 126.93735171637277 127.35178109261227 127.87381888435459 128.25788507336645 128.7824258862773 129.1305127891952 129.47510235915826 129.80852620246708 129.9959311840012 130.32640550614144 130.50462608215545 130.72194269687225 131.01739108038078 131.30080785287902 131.67437328302853 132.14484948788748 132.6655042362917 133.34234271558628 133.82883127676405 133.92986180857633 133.66165820734668
118.96391952987867 119.49239827110522 119.8987260566556 120.49398472142838 120.98257047191007 121.62433676800386 122.07788604975218 122.72142862744766 123.06540779530954 123.63648606664393 123.86613732677259 124.09291413173638 124.38071736687913 124.53859103412675 124.63747040132522 124.6530397854566 124.74564131969038 125.14053533205453 125.61625957490095 125.7988731322736 126.03031852109729 126.4213006668879 126.8660948599553 127.32703422300852 127.85235859444913 128.28335793925416 128.8460497096921 129.39337439207117 129.83731043212597 130.2652560019829 130.5455456816839 130.7707933035683 130.89618622851296 131.01605160865827 131.2647185906035 131.4478026742666 131.81613273489887 132.1973613897913 132.7195409733588 133.3729195264478 134.15626811605767 134.92299954700707 135.08937090636067 134.62961863480254
119.51510397959368 119.84920479544604 120.45029878572326 121.14137493659702 121.62744786823083 122.31231286080695 122.55832066061966 123.18018798684018 123.67610665998586 123.99479000294977 124.20466559551835 124.39678421173865 124.58328964394406 124.7153883142806 124.74131786221105 124.68474389271948 124.82400287325282 125.28789249368909 125.72349848504088 126.01515685602882 126.35375170153569 126.83476115999513 127.29408530690047 127.77212660445703 128.38287206062165 128.83504761507038 129.45541788165116 130.00391992226176 130.64918704508614 131.16602256039974 131.4333923962485 131.44009515834065 131.44271155198786 131.51152961451274 131.7335543177549 132.00196067257278 132.34392473917944 132.64749560145037 133.15876766073532 133.88506743632857 134.62812027267037 135.35239497311417 135.5071105441004 135.13497481888393
119.98535984223399 120.39498017272479 120.95254028547869 121.47579991810738 121.92178440018576 122.48056980071435 122.97746732740448 123.57149586383463 123.82223505897602 124.14352483370811 124.35128963792488 124.53529244277094 124.68429218771921 124.83542355165538 124.91170930445568 124.9105104339926 125.1450501637944 125.51924365100872 125.97223476913572 126.32693739506762 126.73269857750017 127.29613153457558 127.77867608599095 128.40596354145913 128.85271154045014 129.37714350239497 129.89591676594253 130.5523384957417 131.3037294849294 132.02984345057706 132.17275371873592 131.9750777983752 131.85203888748146 131.94224827544107 132.1280023841597 132.39395079643458 132.740462483627 133.2008353984935 133.62524802283397 134.20507619783058 134.8559559129508 135.22647921056912 135.35006634134473 135.22039893997857
120.61231606555029 120.86497047207588 121.26832374234311 121.70408866983107 122.00011365781364 123.03686162335005 123.43826171412815 123.7300046451559 123.94795703347805 124.2743046861698 124.48591331771384 124.67204943282411 124.82562103709365 125.0914388429992 125.15801700097678 125.31106392704162 125.55317517512326 125.87160825875252 126.3143491432767 126.69046356421933 127.10863782794299 127.71407257134847 128.35613099000292 128.92507159404283 129.3419515216005 129.75292269247413 130.25181306178303 130.88228571954855 131.697292311565 132.3651003075006 132.44521676678445 132.2243841163717 132.18136743609392 132.2873672496157 132.50746515063588 132.85913999739878 133.1951483727958 133.58146132715584 134.06593748380448 134.62683409794633 134.98914647022335 135.30956904841167 135.4601195701517 135.59909725439707
