nn.asc
NCOLS 126
NROWS 126
XLLCORNER 2
YLLCORNER 3
CELLSIZE 2
NODATA_VALUE -99999
[rows 93 to 123 of 126, columns 0 to 69 of 126]
89.649 89.649 89.649 83.947 83.947 91.667 91.667 91.667 91.667 90.385 90.385 90.385 90.385 90.385 90.385 90.385 90.385 90.385 90.385 102.386 102.386 102.386 102.386 102.386 110.128 107.879 107.879 107.879 107.879 107.879 107.879 107.879 107.879 113.214 116.471 116.471 116.471 116.471 116.471 116.111 116.111 116.111 116.111 126.635 126.635 126.635 126.635 126.635 126.635 126.635 126.635 127.872 127.872 127.872 127.872 127.872 127.872 137.177 137.177 131.667 133.0 133.0 133.0 133.0 133.0 133.261 136.757 136.757 136.757 136.757
84.474 84.474 84.474 83.947 83.947 84.773 84.773 84.773 84.773 84.773 90.385 90.385 90.385 90.385 90.385 90.385 90.385 90.385 90.385 86.28 86.28 86.28 86.28 86.28 86.28 107.879 107.879 107.879 107.879 107.879 107.879 107.879 107.879 113.214 113.214 113.214 113.214 113.214 116.111 116.111 116.111 116.111 116.111 126.635 126.635 126.635 126.635 126.635 126.635 126.635 126.635 127.872 127.872 127.872 127.872 127.872 127.447 127.447 127.447 131.667 131.667 131.667 133.0 133.0 133.261 133.261 133.261 136.757 136.757 136.757
84.474 84.474 84.474 83.947 83.947 84.773 84.773 84.773 84.773 84.773 90.385 90.385 90.385 90.385 90.385 90.385 90.385 90.385 86.28 86.28 86.28 86.28 86.28 86.28 86.28 107.879 107.879 107.879 107.879 107.879 107.879 107.879 107.879 111.548 111.548 113.214 113.214 116.111 116.111 116.111 116.111 116.111 116.111 126.635 126.635 126.635 126.635 126.635 126.635 126.635 127.872 127.872 127.872 127.872 127.872 127.872 127.447 127.447 127.447 131.667 131.667 131.667 131.667 133.0 133.261 133.261 133.261 136.757 136.757 136.757
84.474 84.474 83.947 83.947 83.947 84.773 84.773 84.773 84.773 84.773 90.385 90.385 90.385 90.385 90.385 90.385 90.385 90.385 86.28 86.28 86.28 86.28 86.28 86.28 86.28 88.5 107.879 107.879 107.879 107.879 107.879 107.879 108.251 111.548 111.548 111.548 111.548 116.111 116.111 116.111 116.111 116.111 116.111 116.631 126.635 126.635 126.635 126.635 126.635 126.635 127.872 127.872 127.872 127.872 127.872 127.447 127.447 127.447 127.447 131.667 131.667 131.667 131.667 131.667 133.261 133.261 130.216 130.216 131.522 131.522
84.474 84.474 83.947 83.947 83.947 84.773 84.773 84.773 84.773 84.773 82.143 82.143 82.143 82.143 90.385 90.385 90.385 86.28 86.28 86.28 86.28 86.28 86.28 86.28 88.5 88.5 92.727 107.879 107.879 107.879 107.879 108.251 108.251 108.251 108.251 111.548 111.548 116.111 116.111 116.111 116.111 116.111 116.631 116.631 116.631 116.631 126.635 126.635 126.635 126.635 127.872 127.872 127.872 127.872 127.447 127.447 127.447 127.447 127.447 131.667 131.667 131.667 131.667 131.667 130.217 130.217 130.216 130.216 131.522 131.522
-99999.0 84.474 83.947 83.947 83.947 84.773 84.773 84.773 84.773 84.773 82.143 82.143 82.143 82.143 82.143 82.143 82.143 86.28 86.28 86.28 86.28 86.28 86.28 88.5 88.5 92.727 92.727 92.727 98.333 108.251 108.251 108.251 108.251 108.251 108.251 108.251 108.251 116.111 116.111 116.111 116.111 116.111 116.631 116.631 116.631 116.631 116.631 126.635 123.404 123.404 123.404 123.404 123.404 127.447 127.447 127.447 127.447 127.447 127.447 131.667 131.667 131.667 131.667 130.217 130.217 130.217 130.216 130.216 131.522 131.522
-99999.0 84.474 83.947 83.947 84.773 84.773 84.773 84.773 84.773 82.143 82.143 82.143 82.143 82.143 82.143 82.143 82.143 86.28 86.28 86.28 86.28 86.28 86.28 88.5 88.5 92.727 92.727 98.333 98.333 98.333 108.251 108.251 108.251 108.251 108.251 108.251 108.251 116.111 116.111 116.111 116.111 116.631 116.631 116.631 116.631 116.631 116.631 116.631 123.404 123.404 123.404 123.404 123.404 123.404 127.447 127.447 127.447 127.447 122.642 122.642 122.642 131.667 130.217 130.217 130.217 130.217 130.216 130.216 127.188 129.727
-99999.0 78.246 78.246 78.246 78.246 78.246 84.773 84.773 84.773 78.795 82.143 82.143 82.143 82.143 82.143 82.143 82.143 86.28 86.28 86.28 86.28 85.714 88.5 88.5 88.5 92.727 92.727 98.333 98.333 98.333 98.333 103.158 108.251 108.251 108.251 108.251 108.251 110.812 110.812 110.812 110.812 116.631 116.631 116.631 116.631 116.631 116.631 116.631 123.404 123.404 123.404 123.404 123.404 123.404 123.404 120.4 120.4 122.642 122.642 122.642 122.642 122.642 130.217 130.217 125.0 125.0 127.188 127.188 127.188 129.727
-99999.0 78.246 78.246 78.246 78.246 78.246 77.021 77.021 78.795 78.795 78.795 78.795 82.143 82.143 82.143 82.143 82.143 86.28 85.714 85.714 85.714 85.714 88.5 88.5 92.727 92.727 92.727 98.333 98.333 98.333 98.333 103.158 103.158 103.158 103.158 103.158 103.158 110.812 110.812 110.812 110.812 110.812 116.631 116.631 116.631 116.631 116.631 113.0 119.286 119.286 119.286 119.286 123.404 123.404 120.4 120.4 120.4 122.642 122.642 122.642 122.642 122.642 122.642 125.0 125.0 125.0 125.0 127.188 127.188 127.188
-99999.0 78.246 78.246 78.246 78.246 77.055 77.021 77.021 78.795 78.795 78.795 78.795 78.795 78.795 78.795 82.143 80.455 80.455 84.688 84.688 84.688 84.688 88.5 88.5 92.727 92.727 92.727 98.333 98.333 98.333 98.333 103.158 103.158 103.158 103.158 103.158 103.158 110.812 110.812 110.812 110.812 110.812 110.812 116.631 113.0 113.0 113.0 113.0 115.98 119.286 119.286 119.286 119.286 120.4 120.4 120.4 120.4 122.642 122.642 122.642 122.642 122.642 122.642 125.0 125.0 125.0 124.6 127.188 127.188 127.188
-99999.0 78.246 78.246 77.055 77.055 77.021 77.021 77.021 77.021 78.795 78.795 78.795 78.795 78.795 78.795 78.795 80.455 80.455 80.455 84.688 84.688 84.688 84.688 92.727 92.727 92.727 92.727 98.333 98.333 98.333 97.824 103.158 103.158 103.158 103.158 103.158 103.158 110.812 110.812 110.812 110.812 110.812 109.889 109.889 113.0 113.0 113.0 113.0 115.98 115.98 115.98 119.286 119.286 120.4 120.4 120.4 120.4 122.642 122.642 122.642 122.642 122.642 122.642 125.0 124.6 124.6 123.438 123.438 123.191 123.191
-99999.0 74.561 74.561 77.055 77.055 77.021 77.021 77.021 77.021 78.795 75.678 75.678 75.678 75.678 75.678 76.789 80.455 80.455 80.455 80.455 84.091 84.091 84.091 84.091 93.052 93.052 93.052 97.298 97.298 97.298 97.824 97.824 103.158 103.158 103.158 103.158 103.158 110.812 110.812 110.812 109.889 109.889 109.889 109.889 113.0 113.0 113.0 113.0 115.98 115.98 115.98 115.98 119.286 120.4 120.4 120.4 120.4 118.889 122.642 122.642 122.642 122.642 122.642 124.6 123.438 123.438 123.438 123.438 123.191 123.191
-99999.0 74.561 74.561 74.561 74.561 77.021 77.021 77.021 77.021 75.678 75.678 75.678 75.678 75.678 76.789 76.789 76.789 80.455 80.455 80.455 80.455 84.091 84.091 84.091 93.052 93.052 93.052 93.052 97.298 97.298 97.824 97.824 97.824 103.158 103.158 103.158 103.158 110.812 107.444 107.444 107.444 107.444 107.444 107.444 111.667 111.667 111.667 111.667 115.98 115.98 115.98 115.98 115.98 114.444 120.4 120.4 120.4 118.889 118.889 118.889 118.889 118.889 118.889 123.438 123.438 123.438 123.438 123.438 123.191 123.191
-99999.0 74.561 74.561 74.561 74.561 77.021 77.021 77.021 75.678 75.678 75.678 75.678 75.678 75.678 76.789 76.789 76.789 80.455 80.455 80.455 80.455 84.091 84.091 93.052 93.052 93.052 93.052 93.052 97.298 97.824 97.824 96.63 96.63 96.63 96.63 96.63 103.158 107.444 107.444 107.444 107.444 107.444 107.444 107.444 111.667 111.667 111.667 111.667 112.647 112.647 112.647 112.647 114.444 114.444 114.444 114.444 118.889 118.889 118.889 118.889 118.889 118.889 118.889 118.889 123.438 123.438 123.438 123.191 123.191 123.191
-99999.0 74.561 74.561 74.561 74.561 74.561 77.021 77.021 75.678 75.678 75.678 75.678 75.678 76.789 76.789 76.789 76.789 78.007 80.455 80.455 80.455 80.455 84.091 93.052 93.052 93.052 93.052 93.052 92.717 92.717 96.63 96.63 96.63 96.63 96.63 96.63 94.535 94.535 107.444 107.444 107.444 107.444 107.444 107.444 111.667 107.889 107.889 107.889 112.647 112.647 112.647 112.647 114.444 114.444 113.333 113.333 118.889 118.889 118.889 118.889 118.889 118.889 118.889 118.889 113.095 116.429 116.429 116.429 116.429 116.429
-99999.0 70.305 70.305 70.305 70.305 70.305 70.305 70.305 75.678 75.678 75.678 75.678 75.678 76.789 76.789 76.789 78.007 78.007 78.007 78.007 80.455 80.455 85.089 85.089 85.089 93.052 93.052 92.717 92.717 92.717 92.717 96.63 96.63 96.63 96.63 94.535 94.535 94.535 94.535 107.444 107.444 107.444 107.444 107.889 107.889 107.889 107.889 107.889 107.889 112.647 112.647 113.333 113.333 113.333 113.333 113.333 113.333 118.889 118.889 118.889 118.889 118.889 118.889 113.095 113.095 113.095 116.429 116.429 116.429 116.429
-99999.0 70.305 70.305 70.305 70.305 70.305 70.305 70.0 70.0 70.0 75.678 75.678 76.789 76.789 76.789 76.789 78.007 78.007 78.007 80.0 80.0 80.156 85.089 85.089 85.089 85.089 85.089 92.717 92.717 92.717 92.717 93.152 93.152 93.152 94.535 94.535 94.535 94.535 94.535 94.535 107.444 107.444 107.444 107.889 107.889 107.889 107.889 107.889 107.889 112.647 112.647 108.718 113.333 113.333 113.333 113.333 113.333 118.889 118.889 118.889 118.889 118.889 113.095 113.095 113.095 113.095 116.429 116.429 116.429 116.429
-99999.0 70.305 70.305 70.305 70.305 70.305 70.0 70.0 70.0 70.0 70.0 72.4 72.4 76.789 76.789 78.007 78.007 79.0 80.0 80.0 80.0 80.156 85.089 85.089 85.089 85.089 85.089 92.717 92.717 92.717 92.717 93.152 93.152 93.152 94.535 94.535 94.535 94.535 94.535 94.535 97.375 97.375 97.375 97.375 107.889 107.889 107.889 107.889 107.889 108.718 108.718 108.718 108.718 108.718 108.889 108.889 108.889 108.889 109.545 109.545 109.545 109.545 109.545 113.095 113.095 113.095 113.095 116.429 116.429 116.429
-99999.0 70.305 70.305 70.305 70.305 70.305 70.0 70.0 70.0 70.0 70.0 72.4 72.4 72.4 79.0 79.0 79.0 79.0 80.0 80.0 80.156 80.156 80.156 85.089 85.089 85.089 85.089 85.089 92.717 92.717 92.717 93.152 93.152 93.152 94.535 94.535 94.535 94.535 94.535 94.535 97.375 97.375 97.375 97.375 97.375 107.889 107.889 107.889 107.889 108.718 108.718 108.718 108.718 108.889 108.889 108.889 108.889 108.889 109.545 109.545 109.545 109.545 109.545 113.095 113.095 113.095 112.381 112.381 116.429 116.429
-99999.0 -99999.0 70.305 70.305 70.305 70.0 70.0 70.0 70.0 70.0 70.0 72.4 72.4 72.4 77.812 77.812 79.0 79.0 80.0 80.0 80.156 80.156 80.156 85.089 85.089 85.089 85.089 85.089 92.717 92.717 93.152 93.152 93.152 93.152 94.535 94.535 94.535 94.535 90.571 97.375 97.375 97.375 97.375 97.375 97.375 99.429 99.429 99.429 99.429 106.548 106.548 106.548 106.548 108.889 108.889 108.889 108.889 108.889 109.545 109.545 109.545 109.545 109.545 109.545 112.381 112.381 112.381 112.381 112.381 110.513
-99999.0 -99999.0 70.0 70.0 70.0 70.0 70.0 70.0 70.0 70.0 72.4 72.4 72.4 72.4 77.812 77.812 77.812 77.812 80.0 80.0 80.156 80.156 80.156 80.0 85.089 82.767 82.767 82.767 82.767 84.0 84.0 84.0 93.152 94.535 90.571 90.571 90.571 90.571 90.571 89.146 97.375 97.375 97.375 97.375 97.375 99.429 99.429 99.429 99.429 106.548 106.548 106.548 106.548 108.889 108.889 108.889 108.889 108.889 109.545 109.545 109.545 109.545 109.545 106.818 106.818 112.381 112.381 112.381 110.513 110.513
-99999.0 -99999.0 70.0 70.0 70.0 70.0 70.0 70.0 70.0 70.0 72.4 72.4 73.2 73.2 74.695 77.812 77.812 78.564 80.0 80.0 80.0 80.0 80.0 80.0 82.767 82.767 82.767 82.767 82.767 84.0 84.0 84.0 84.0 84.0 90.571 90.571 90.571 90.571 90.571 89.146 97.375 97.375 97.375 97.375 99.429 99.429 99.429 99.429 98.243 98.243 101.31 101.31 106.548 106.548 108.889 108.889 108.889 108.889 109.545 109.545 109.545 109.545 106.818 106.818 106.818 106.818 112.381 112.381 110.513 110.513
-99999.0 -99999.0 70.0 70.0 70.0 70.0 70.0 70.0 70.0 70.0 70.0 73.2 73.2 74.695 74.695 74.695 78.564 78.564 78.564 80.0 80.0 80.0 80.0 82.767 82.767 82.767 82.767 82.767 84.0 84.0 84.0 84.0 84.0 83.068 90.571 90.571 90.571 90.571 89.146 89.146 89.146 97.375 97.375 97.375 99.429 99.429 99.429 98.243 98.243 98.243 101.31 101.31 101.31 100.556 100.556 100.556 108.889 98.333 109.545 109.545 109.545 109.545 106.818 106.818 106.818 106.818 106.818 105.152 105.152 105.152
-99999.0 -99999.0 70.0 70.0 70.0 70.0 70.0 70.0 70.0 70.0 70.0 73.2 73.2 74.695 74.695 74.695 78.564 78.564 78.564 80.0 80.0 79.689 79.689 79.689 82.767 82.767 82.767 82.767 84.0 84.0 84.0 84.0 83.068 83.068 83.049 90.571 88.659 88.659 89.146 89.146 89.146 89.146 97.375 97.375 91.125 99.429 98.243 98.243 98.243 98.243 101.31 101.31 100.556 100.556 100.556 100.556 100.556 98.333 98.333 98.333 98.333 106.818 106.818 106.818 106.818 106.818 105.152 105.152 105.152 105.152
-99999.0 -99999.0 70.0 70.0 70.0 70.0 70.0 70.0 70.0 70.0 70.0 70.0 70.0 74.695 74.695 74.695 78.564 78.564 78.564 80.0 80.0 79.689 79.689 79.689 79.689 82.767 82.767 82.767 84.0 84.0 84.0 83.068 83.068 83.068 83.049 83.049 83.049 88.659 89.146 89.146 89.146 89.146 89.146 91.125 91.125 91.125 91.125 98.243 96.562 96.562 96.562 100.556 100.556 100.556 100.556 100.556 100.556 98.333 98.333 98.333 98.333 98.333 106.818 106.818 106.818 106.818 105.152 105.152 105.152 105.152
-99999.0 -99999.0 -99999.0 70.0 70.0 70.0 70.0 70.0 70.0 70.0 70.0 70.0 70.0 70.0 74.695 74.695 74.695 78.564 78.564 77.824 77.824 77.824 77.824 77.824 77.824 82.767 82.767 82.767 84.0 84.0 83.068 83.068 83.068 83.068 83.049 83.049 83.049 88.659 89.146 89.146 89.146 89.146 86.22 91.125 91.125 91.125 91.125 96.562 96.562 96.562 96.562 100.556 100.556 100.556 100.556 100.556 98.333 98.333 98.333 98.333 98.333 98.333 98.333 96.66 96.66 96.66 96.66 105.152 105.152 105.152
-99999.0 -99999.0 -99999.0 70.0 70.0 70.0 70.0 70.0 70.0 70.0 70.0 70.0 70.0 70.0 70.0 74.695 74.695 78.564 77.824 77.824 77.824 77.824 77.824 77.824 77.824 77.824 82.767 84.0 84.0 78.75 78.75 78.75 78.75 78.75 83.049 83.049 83.049 83.049 89.146 89.146 89.146 86.22 86.22 91.125 91.125 91.125 91.125 96.562 96.562 96.562 96.562 96.562 100.556 100.556 100.556 100.556 98.333 98.333 98.333 98.333 98.333 98.333 98.333 96.66 96.66 96.66 96.66 96.66 105.152 102.083
-99999.0 -99999.0 -99999.0 70.0 70.0 70.0 70.0 70.0 70.0 70.0 70.0 70.0 70.0 70.0 70.0 70.0 70.0 70.0 72.353 72.353 77.824 77.824 77.824 77.824 77.824 77.824 77.824 78.75 78.75 78.75 78.75 78.75 78.75 78.75 78.75 83.049 83.049 79.886 79.886 79.886 86.22 86.22 86.22 86.22 91.125 91.125 91.125 91.125 96.562 96.562 96.562 96.562 100.556 100.556 100.556 100.556 98.333 98.333 98.333 98.333 98.333 98.333 96.66 96.66 96.66 96.66 96.66 96.66 102.083 102.083
-99999.0 -99999.0 -99999.0 70.0 70.0 70.0 70.0 70.0 70.0 70.0 70.0 70.0 70.0 70.0 70.0 70.0 70.0 70.0 72.353 72.353 72.353 72.353 77.824 77.824 70.0 70.0 70.0 70.0 78.75 78.75 78.75 78.75 78.75 78.75 78.75 79.886 79.886 79.886 79.886 79.886 86.22 86.22 86.22 86.22 86.22 84.324 84.324 84.324 84.324 85.762 85.762 85.762 85.762 85.762 85.762 85.204 85.204 98.333 98.333 98.333 98.333 98.333 96.66 96.66 96.66 96.66 96.66 96.66 102.083 102.083
-99999.0 -99999.0 -99999.0 -99999.0 70.0 70.0 70.0 70.0 70.0 70.0 70.0 70.0 70.0 70.0 70.0 70.0 70.0 70.0 72.353 72.353 72.353 72.353 72.353 70.0 70.0 70.0 70.0 70.0 70.0 78.75 78.75 78.75 78.75 78.75 74.839 74.839 79.886 79.886 79.886 78.977 83.293 83.293 83.293 83.293 83.293 84.324 84.324 84.324 84.324 85.762 85.762 85.762 85.762 85.762 85.762 85.204 85.204 85.204 98.333 87.653 87.653 88.061 88.061 96.66 96.66 96.66 96.66 96.66 93.157 93.157
-99999.0 -99999.0 -99999.0 -99999.0 70.0 70.0 70.0 70.0 70.0 70.0 70.0 70.0 70.0 70.0 70.0 70.0 70.0 70.0 70.0 72.353 72.353 72.353 72.353 70.0 70.0 70.0 70.0 70.0 70.0 70.25 70.25 70.25 70.25 74.839 74.839 74.839 74.839 78.977 78.977 78.977 83.293 83.293 83.293 83.293 84.324 84.324 84.324 84.324 84.324 85.762 85.762 85.762 85.762 85.762 85.204 85.204 85.204 85.204 85.204 87.653 87.653 88.061 88.061 88.061 96.66 96.66 96.66 93.157 93.157 93.157
