nn.asc
NCOLS 126
NROWS 126
XLLCORNER 2
YLLCORNER 3
CELLSIZE 2
NODATA_VALUE -99999
[rows 31 to 61 of 126, columns 0 to 69 of 126]
-99999.0 97.909 97.909 97.909 90.2 90.2 90.2 90.2 94.4 94.4 94.4 92.692 92.692 92.692 92.692 92.692 92.692 91.081 91.081 91.081 91.081 91.081 103.182 103.182 103.182 103.182 103.182 103.182 103.704 103.704 108.889 108.889 108.889 108.889 108.889 107.407 107.407 115.682 115.682 115.682 115.682 115.682 118.298 118.298 118.298 118.298 117.353 117.353 117.353 117.353 117.353 117.353 115.975 115.975 115.975 116.417 116.417 116.417 110.833 110.833 110.833 110.833 110.833 106.25 106.25 106.25 96.5 96.5 96.5 92.069
-99999.0 97.909 97.909 97.909 97.909 97.909 94.4 94.4 94.4 94.4 94.4 94.4 92.692 92.692 92.692 92.692 92.692 91.081 91.081 91.081 91.081 91.081 103.182 103.182 103.182 103.182 103.182 103.182 108.636 108.636 108.889 108.889 108.889 108.889 108.889 108.889 115.682 115.682 115.682 115.682 115.682 115.682 118.298 118.298 118.298 118.298 117.353 117.353 117.353 117.353 117.353 117.353 115.975 115.975 116.417 116.417 116.417 116.417 116.417 110.833 110.833 110.833 110.833 106.25 102.778 102.778 96.5 96.5 96.5 92.069
-99999.0 97.909 97.909 97.909 97.909 97.909 97.909 94.4 94.4 94.4 94.4 94.4 92.692 92.692 92.692 92.692 92.692 92.692 91.081 91.081 91.081 91.081 103.182 103.182 103.182 103.182 108.636 108.636 108.636 108.636 108.889 108.889 108.889 108.889 108.889 108.889 115.682 115.682 115.682 115.682 115.682 115.682 118.298 118.298 118.298 118.298 120.233 117.353 117.353 117.353 117.353 121.607 121.607 121.607 116.417 116.417 116.417 116.417 116.417 110.833 110.833 110.833 108.333 102.778 102.778 102.778 102.778 102.778 90.556 90.556
-99999.0 101.354 97.909 97.909 97.909 97.909 97.909 94.4 94.4 94.4 94.4 94.4 92.692 92.692 92.692 101.111 101.111 101.111 101.111 102.692 102.692 102.692 103.182 103.182 103.182 108.636 108.636 108.636 108.636 108.636 108.636 108.889 108.889 108.889 119.457 119.457 122.093 115.682 115.682 115.682 115.682 115.682 118.298 120.233 120.233 120.233 120.233 117.353 122.075 122.075 122.075 121.607 121.607 121.607 121.607 116.417 116.417 116.417 116.417 113.056 113.056 108.333 108.333 102.778 102.778 102.778 102.778 102.778 90.556 90.556
-99999.0 101.354 101.354 101.354 97.909 97.909 97.909 94.4 94.4 94.4 94.4 94.4 92.692 101.111 101.111 101.111 101.111 101.111 102.692 102.692 102.692 102.692 103.182 108.636 108.636 108.636 108.636 108.636 108.636 108.636 108.636 119.457 119.457 119.457 119.457 119.457 122.093 122.093 122.093 122.093 115.682 120.233 120.233 120.233 120.233 120.233 120.233 122.075 122.075 122.075 122.075 121.607 121.607 121.607 121.721 121.721 116.417 116.417 113.056 113.056 113.056 108.333 108.333 108.333 102.778 102.778 102.778 102.778 90.556 90.556
-99999.0 101.354 101.354 101.354 101.354 97.909 97.909 97.909 94.4 94.4 94.4 94.4 101.111 101.111 101.111 101.111 101.111 102.692 102.692 102.692 102.692 102.692 113.75 113.75 113.75 114.674 114.674 114.674 114.674 114.674 114.674 119.457 119.457 119.457 119.457 119.457 122.093 122.093 122.093 122.093 122.093 123.023 123.023 123.023 123.023 123.023 125.667 125.667 122.075 122.075 122.075 121.607 121.607 121.721 121.721 121.721 121.721 113.056 113.056 113.056 113.056 108.333 108.333 108.333 102.778 102.778 102.778 102.778 90.556 90.556
-99999.0 101.354 101.354 101.354 101.354 101.354 97.909 97.909 94.4 94.4 94.4 105.385 105.385 101.111 101.111 101.111 102.692 102.692 102.692 102.692 102.692 113.75 113.75 113.75 113.75 114.674 114.674 114.674 114.674 114.674 114.674 119.457 119.457 119.457 119.457 119.457 122.093 122.093 122.093 122.093 124.884 123.023 123.023 123.023 123.023 123.023 125.667 125.667 125.667 122.075 122.075 121.607 121.607 121.721 121.721 121.721 121.721 113.056 113.056 113.056 113.056 113.056 108.333 108.333 102.778 102.778 102.778 93.889 93.889 93.889
-99999.0 101.354 101.354 101.354 101.354 101.354 101.354 97.909 97.909 94.4 105.385 105.385 105.385 105.385 105.385 101.111 102.692 102.692 102.692 102.692 102.692 113.75 113.75 113.75 113.75 113.75 114.674 114.674 114.674 114.674 120.849 120.849 120.7 120.7 120.7 119.457 122.093 122.093 122.093 124.884 124.884 124.884 123.023 123.023 123.023 125.667 125.667 125.667 125.667 125.667 125.492 125.492 125.492 125.492 121.721 121.721 121.721 113.056 113.056 113.056 113.056 113.056 108.333 108.333 101.667 101.667 101.667 93.889 93.889 93.889
-99999.0 101.354 101.354 101.354 101.354 101.354 109.286 109.286 109.286 108.571 108.571 105.385 105.385 105.385 105.385 105.385 102.692 102.692 102.692 102.692 102.692 113.75 113.75 113.75 113.75 113.75 114.674 114.674 114.674 114.674 120.849 120.849 121.5 121.5 120.7 120.7 122.093 122.093 124.884 124.884 124.884 124.884 129.767 129.767 129.767 125.667 125.667 125.667 125.667 125.667 125.492 125.492 125.492 125.492 125.492 121.721 121.721 115.667 115.667 113.056 113.056 113.056 108.333 101.667 101.667 101.667 101.667 101.667 93.889 93.889
-99999.0 101.354 101.354 109.286 109.286 109.286 109.286 109.286 109.643 108.571 108.571 108.571 105.385 105.385 105.385 105.385 105.385 102.692 102.692 102.692 113.75 113.75 113.75 113.75 113.75 113.75 113.75 114.674 121.316 121.316 120.849 120.849 120.849 121.5 125.0 125.0 125.0 124.884 124.884 124.884 127.907 127.907 129.767 129.767 129.767 129.767 125.667 125.667 125.667 125.492 125.492 125.492 125.492 125.492 125.492 125.492 120.606 115.667 115.667 115.667 115.667 115.667 106.111 101.667 101.667 101.667 101.667 99.5 93.889 93.889
-99999.0 109.286 109.286 109.286 109.286 109.286 109.286 109.286 109.643 109.643 108.571 108.571 108.571 105.385 105.385 105.385 105.385 105.385 102.692 115.842 113.75 113.75 113.75 113.75 113.75 113.75 113.75 121.316 121.316 121.316 121.316 120.849 120.849 125.0 125.0 125.0 125.0 127.907 127.907 127.907 127.907 127.907 129.767 129.767 129.767 129.767 129.767 125.667 125.667 125.492 125.492 125.492 125.492 125.492 125.492 120.606 120.606 115.667 115.667 115.667 115.667 115.667 106.111 106.111 106.111 99.5 99.5 99.5 99.5 99.5
-99999.0 109.286 109.286 109.286 109.286 109.286 109.286 109.286 109.643 109.643 110.0 108.571 108.571 108.571 108.571 105.385 105.385 115.842 115.842 115.842 115.842 113.75 113.75 113.75 113.75 113.75 113.75 121.316 121.316 121.316 121.316 121.316 125.0 125.0 125.0 125.0 128.0 128.0 127.907 127.907 130.69 130.69 129.767 129.767 129.767 129.767 132.761 132.761 125.667 125.492 125.492 125.492 125.492 123.939 123.939 123.939 120.606 120.606 115.667 115.667 115.667 115.667 106.111 106.111 103.889 103.889 99.5 99.5 99.5 99.5
-99999.0 109.286 109.286 109.286 109.286 109.286 109.286 109.643 109.643 109.643 110.0 110.0 108.571 108.571 108.571 108.571 115.842 115.842 115.842 115.842 115.842 115.842 113.75 113.75 113.75 113.75 113.75 121.316 121.316 121.316 121.316 125.726 125.726 125.0 125.0 128.0 128.0 128.0 130.69 130.69 130.69 130.69 129.767 132.761 132.761 132.761 132.761 132.761 132.761 125.492 125.492 125.492 123.939 123.939 123.939 123.939 120.606 120.606 120.606 115.667 115.667 106.111 106.111 106.111 103.889 104.444 99.5 99.5 98.953 98.953
-99999.0 109.286 109.286 109.286 109.286 109.286 109.286 109.643 109.643 109.643 110.0 110.0 110.0 108.571 108.571 108.571 115.842 115.842 115.842 115.842 115.842 115.842 115.842 113.75 113.75 113.75 124.643 124.643 124.643 124.643 125.726 125.726 125.726 125.726 128.0 128.0 128.0 128.0 130.69 130.69 130.69 130.69 132.761 132.761 132.761 132.761 132.761 132.761 132.761 132.761 123.939 123.939 123.939 123.939 123.939 123.939 123.939 120.606 120.606 115.185 115.185 115.185 106.111 106.111 104.444 104.444 102.879 98.953 98.953 98.188
-99999.0 110.0 110.0 109.286 109.286 109.286 109.643 109.643 109.643 109.643 110.0 110.0 110.0 110.0 108.571 115.842 115.842 115.842 115.842 115.842 115.842 115.842 115.842 121.059 121.059 124.643 124.643 124.643 124.643 124.643 124.643 125.726 125.726 125.726 128.0 128.0 128.0 132.488 132.488 130.69 130.69 135.536 135.536 135.536 132.761 132.761 132.761 132.761 132.761 132.761 123.939 123.939 123.939 123.939 123.939 123.939 123.939 123.939 120.606 115.185 115.185 115.185 111.111 111.111 104.444 102.879 102.879 98.953 98.953 98.188
110.0 110.0 110.0 110.0 109.286 109.286 109.643 109.643 109.643 109.643 110.0 110.0 110.0 116.0 116.0 116.0 115.842 115.842 115.842 115.842 115.842 115.842 121.059 121.059 121.059 121.059 124.643 124.643 124.643 124.643 124.643 125.726 125.726 125.726 130.351 132.488 132.488 132.488 132.488 132.488 135.536 135.536 135.536 135.536 135.536 132.761 132.761 132.761 132.761 132.761 138.95 123.939 123.939 123.939 123.939 123.939 123.939 123.939 115.185 115.185 115.185 115.185 111.111 111.111 111.111 102.879 102.879 98.953 98.188 98.188
110.0 110.0 110.0 110.0 110.0 110.582 109.643 109.643 109.643 109.643 110.0 116.0 116.0 116.0 116.0 116.0 116.0 115.842 115.842 115.842 115.842 121.059 121.059 121.059 121.059 121.059 124.643 124.643 124.643 124.643 124.643 124.643 125.726 130.351 130.351 132.488 132.488 132.488 132.488 132.488 135.536 135.536 135.536 135.536 135.536 138.615 138.615 138.615 138.615 138.95 138.95 138.95 123.939 123.939 123.939 123.939 123.939 115.185 115.185 115.926 115.926 115.926 111.111 111.111 111.111 102.879 102.879 101.841 101.841 101.841
110.0 110.0 110.0 110.0 110.582 110.582 110.582 109.643 109.643 109.643 116.0 116.0 116.0 116.0 116.0 116.0 116.0 115.842 115.842 115.842 121.059 121.059 121.059 121.059 121.059 121.059 123.978 124.643 124.643 124.643 124.643 124.643 130.351 130.351 130.351 130.351 132.488 132.488 132.488 132.488 138.373 135.536 135.536 138.615 138.615 138.615 138.615 138.615 138.95 138.95 138.95 138.95 138.95 123.939 123.939 123.939 123.939 115.926 115.926 115.926 115.926 115.926 111.111 111.111 111.111 102.879 101.841 101.841 101.841 101.841
110.0 110.0 110.0 110.582 110.582 110.582 110.582 110.582 109.643 116.0 116.0 116.0 116.0 116.0 116.0 116.0 116.0 116.0 120.0 120.111 121.059 121.059 121.059 121.059 121.059 123.978 123.978 123.978 124.643 124.643 124.643 130.351 130.351 130.351 130.351 130.351 134.015 134.015 134.015 134.015 138.373 138.373 138.373 138.615 138.615 138.615 138.615 138.615 138.95 138.95 138.95 138.95 138.95 136.717 136.717 135.312 115.926 115.926 115.926 115.926 115.926 115.926 115.926 111.111 111.111 108.206 108.206 108.206 108.206 101.841
110.0 110.0 110.582 110.582 110.582 110.582 110.582 110.582 116.94 116.94 116.94 116.0 116.0 116.0 116.0 116.0 116.0 120.0 120.0 120.111 120.111 120.111 121.059 121.059 123.978 123.978 123.978 123.978 123.978 128.608 128.608 129.021 130.351 130.351 130.351 130.351 134.015 134.015 134.015 137.791 137.791 138.373 138.373 138.615 138.615 138.615 138.615 138.615 138.95 138.95 138.95 138.95 138.95 136.717 135.312 135.312 135.312 133.162 115.926 115.926 115.926 115.926 121.552 121.552 108.206 108.206 108.206 108.206 108.206 108.206
110.0 110.0 110.0 110.582 110.582 110.582 110.582 116.94 116.94 116.94 116.94 116.94 119.806 116.0 116.0 116.0 120.0 120.0 120.0 120.0 120.111 120.111 120.111 121.059 123.978 123.978 123.978 125.074 125.074 128.608 128.608 129.021 129.021 130.351 130.351 134.015 134.015 134.015 134.015 137.791 137.791 138.373 138.373 138.373 140.0 140.0 140.0 140.0 138.95 138.95 138.95 138.95 136.717 136.717 135.312 135.312 133.162 133.162 133.162 121.552 121.552 121.552 121.552 121.552 121.552 108.206 108.206 108.206 108.206 108.206
110.0 110.0 110.0 110.0 110.0 111.687 111.687 116.94 116.94 116.94 116.94 119.806 119.806 119.806 119.806 119.806 120.0 120.0 120.0 120.0 120.111 120.111 120.111 123.978 123.978 123.978 125.074 125.074 125.074 128.608 128.608 129.021 129.021 129.021 130.351 134.015 134.015 134.015 137.791 137.791 137.791 137.791 138.373 140.0 140.0 140.0 140.0 140.0 138.95 138.95 138.95 138.95 136.717 136.717 135.312 135.312 133.162 133.162 133.162 121.552 121.552 121.552 121.552 121.552 121.552 108.206 108.206 108.206 108.206 108.206
110.0 110.0 110.0 111.687 111.687 111.687 111.687 116.164 116.94 116.94 116.94 119.806 119.806 119.806 119.806 120.0 120.0 120.0 120.0 120.0 120.0 120.111 120.111 124.271 124.271 124.271 125.074 125.074 126.606 128.608 128.608 129.021 129.021 131.132 131.132 131.132 137.821 137.821 137.821 137.791 137.791 137.791 140.0 140.0 140.0 140.0 140.0 140.0 140.0 138.95 138.95 136.717 136.717 136.717 135.312 135.312 133.162 133.162 133.162 121.552 121.552 121.552 121.552 121.552 121.552 122.097 108.206 108.206 108.206 108.206
110.0 110.0 111.687 111.687 111.687 111.687 116.164 116.164 116.164 116.94 116.94 119.806 119.806 119.806 120.0 120.0 120.0 120.0 120.0 120.0 120.0 120.0 120.111 124.271 124.271 124.271 124.271 126.606 126.606 128.869 128.869 128.869 131.132 131.132 131.132 131.132 137.821 137.821 137.821 137.821 137.821 140.0 140.0 140.0 140.0 140.0 140.0 140.0 140.0 140.0 138.95 136.717 136.717 136.717 135.312 133.162 133.162 133.162 133.162 121.552 121.552 121.552 121.552 121.552 122.097 122.097 120.484 120.484 120.484 106.818
110.0 110.0 111.687 111.687 111.687 111.687 116.164 116.164 116.164 116.164 116.94 119.806 119.806 120.0 120.0 120.0 120.0 120.0 120.0 120.0 120.0 120.0 124.271 124.271 124.271 124.271 126.606 126.606 126.606 128.869 128.869 129.55 131.132 131.132 131.132 131.132 137.821 137.821 137.821 137.821 137.821 140.0 140.0 140.0 140.0 140.0 140.0 140.0 140.0 140.0 136.717 136.717 136.717 135.312 135.312 133.162 133.162 133.162 133.162 133.162 121.552 121.552 121.552 122.097 122.097 122.097 120.484 120.484 120.484 120.484
110.0 110.0 110.0 113.179 113.179 113.179 113.179 116.164 116.164 116.164 116.164 119.806 120.0 120.0 120.0 120.0 120.0 120.0 120.0 120.0 120.0 120.741 120.741 124.271 124.271 124.271 126.964 126.964 126.964 129.107 129.55 129.55 131.132 131.132 131.132 131.132 137.821 137.821 137.821 137.821 140.0 140.0 140.0 140.0 140.0 140.0 140.0 140.0 140.0 140.0 142.686 136.717 139.324 139.324 139.324 139.324 133.162 133.162 134.459 134.459 131.667 131.667 122.097 122.097 123.387 123.387 120.484 120.484 120.484 119.286
110.0 110.0 110.0 113.179 113.179 113.179 113.179 113.179 116.164 117.131 117.131 117.131 120.0 120.0 120.0 120.0 120.0 120.0 120.741 120.741 120.741 120.741 120.741 120.741 126.964 126.964 126.964 126.964 126.964 129.107 129.107 129.107 131.132 131.132 131.132 131.132 137.821 137.821 137.821 137.821 140.779 140.0 140.0 140.0 141.023 141.023 141.023 142.108 142.108 142.686 142.686 142.686 139.324 139.324 139.324 139.324 139.324 134.459 134.459 134.459 131.667 131.667 131.667 123.387 123.387 123.387 120.484 120.484 120.484 119.286
110.0 110.0 111.716 111.716 113.179 113.179 113.179 113.179 117.131 117.131 117.131 117.131 117.131 117.131 120.0 120.0 120.0 120.0 120.0 120.741 120.741 120.741 120.741 120.741 120.741 126.964 126.964 126.964 126.964 129.107 129.107 129.107 129.107 131.132 131.132 138.745 138.745 138.745 137.821 140.779 140.779 140.779 140.779 140.779 141.023 141.023 141.023 142.108 142.108 142.686 142.686 142.686 139.324 139.324 139.324 139.324 140.673 134.459 134.459 134.459 131.667 131.667 131.667 123.387 123.387 123.387 120.484 120.484 120.484 119.286
110.0 111.716 111.716 111.716 113.239 113.239 113.239 113.179 117.131 117.131 117.131 117.131 117.131 117.131 117.131 118.611 118.611 118.611 120.0 120.0 120.741 120.741 120.741 120.741 120.741 126.964 126.964 126.964 126.964 129.107 129.107 129.107 129.107 129.107 138.745 138.745 138.745 138.745 138.745 140.779 140.779 140.779 140.779 140.779 141.023 141.023 141.023 142.108 142.108 142.686 142.686 142.686 142.686 139.324 140.673 140.673 140.673 140.673 134.459 134.459 131.667 131.667 131.667 131.667 123.387 123.387 133.833 120.484 119.286 119.286
110.0 111.716 111.716 111.716 113.239 113.239 113.239 113.239 117.131 117.131 117.131 117.131 117.131 117.131 118.611 118.611 118.611 118.611 120.0 120.0 120.0 120.741 120.741 120.741 120.741 126.964 126.964 126.964 130.984 130.984 130.984 130.984 130.984 132.782 138.745 138.745 138.745 138.745 138.745 138.745 140.779 140.779 140.779 140.779 143.721 143.721 143.721 142.108 142.108 142.686 142.686 142.686 142.686 140.673 140.673 140.673 140.673 140.673 134.459 134.459 131.667 131.667 131.667 133.833 133.833 133.833 133.833 133.833 133.833 119.286
110.0 110.0 111.716 113.239 113.239 113.239 113.239 114.963 114.963 114.963 114.963 114.963 117.131 118.611 118.611 118.611 118.611 118.611 120.0 120.0 120.0 120.0 120.741 120.741 120.741 127.669 128.756 130.984 130.984 130.984 130.984 130.984 132.782 132.782 138.745 138.745 138.745 138.745 138.745 138.745 142.408 142.408 142.408 142.408 143.721 143.721 143.721 143.721 142.108 142.686 142.686 142.686 144.783 144.783 144.783 140.673 140.673 140.673 140.673 134.459 131.667 131.667 139.833 133.833 133.833 133.833 133.833 133.833 133.833 119.286
