nn.asc
NCOLS 126
NROWS 126
XLLCORNER 2
YLLCORNER 3
CELLSIZE 2
NODATA_VALUE -99999
[rows 62 to 92 of 126, columns 0 to 69 of 126]
110.0 110.0 111.0 112.435 113.239 113.031 113.031 114.963 114.963 114.963 114.963 114.963 114.81 118.611 118.611 118.611 118.611 118.611 119.79 120.0 120.0 120.0 122.429 122.429 127.669 127.669 128.756 128.756 130.984 130.984 131.639 132.782 132.782 132.782 139.112 139.112 139.112 139.112 139.112 139.112 142.408 142.408 142.408 142.408 143.721 143.721 143.721 145.981 145.981 145.981 142.686 144.783 144.783 144.783 144.783 144.783 144.783 140.673 140.673 139.833 139.833 139.833 139.833 139.833 133.833 133.833 133.833 133.833 133.833 133.833
111.0 111.0 111.0 112.435 112.435 113.031 113.031 113.031 114.963 114.963 114.81 114.81 114.81 118.611 118.611 118.611 118.611 118.611 119.79 119.79 122.429 122.429 122.429 122.429 127.669 127.669 127.669 128.756 128.756 131.639 131.639 132.782 132.782 132.782 136.886 139.112 139.112 139.112 139.112 139.112 142.408 142.408 142.408 142.408 142.408 145.981 145.981 145.981 145.981 145.981 148.415 148.415 144.783 144.783 144.783 144.783 144.783 144.783 147.075 139.833 139.833 139.833 139.833 139.833 133.833 133.833 133.833 133.833 133.833 128.788
111.0 111.0 111.0 112.435 112.435 113.031 113.031 113.031 114.963 114.81 114.81 114.81 114.81 114.81 118.611 118.611 118.611 119.79 119.79 119.79 119.79 122.429 122.429 122.429 127.669 127.669 127.669 129.566 129.566 131.639 132.782 132.782 132.782 132.782 136.886 136.886 136.886 139.112 139.112 142.408 142.408 142.408 142.408 142.408 142.408 145.981 145.981 145.981 145.981 145.981 148.415 148.415 147.788 147.788 144.783 144.783 144.783 147.075 147.075 147.075 139.833 139.833 139.833 139.833 143.028 133.833 133.833 133.833 133.833 128.788
111.0 111.0 110.861 112.435 112.435 113.031 113.031 113.031 113.031 114.81 114.81 114.81 114.81 114.3 116.506 116.506 116.506 119.79 119.79 119.79 119.79 122.429 122.429 125.708 125.708 125.708 127.669 129.566 129.566 129.566 132.782 132.782 132.782 136.886 136.886 136.886 136.886 136.886 139.112 142.408 142.408 142.408 142.408 142.408 142.408 145.981 145.981 145.981 145.981 148.415 148.415 148.415 147.788 147.788 147.788 147.788 147.788 147.075 147.075 147.075 147.075 139.833 143.028 143.028 143.028 143.028 145.103 142.263 142.263 128.788
111.0 110.861 110.861 110.861 110.861 113.031 113.031 113.031 113.031 114.81 114.3 114.3 114.3 114.837 114.837 116.506 116.506 116.506 119.79 119.79 122.167 122.167 122.167 125.708 125.708 125.708 125.708 129.566 129.566 130.611 133.669 133.669 135.344 135.344 136.886 136.886 136.886 137.421 137.421 142.408 142.408 142.408 142.408 142.408 142.408 145.981 145.981 145.981 148.415 148.415 148.415 148.415 149.643 147.788 147.788 147.788 147.788 147.075 147.075 147.075 147.075 147.075 143.028 143.028 145.103 145.103 142.263 142.263 142.263 128.788
110.861 110.861 110.861 110.209 110.209 110.209 113.031 112.15 112.15 112.15 114.3 114.3 114.3 114.837 114.837 116.506 116.506 116.506 116.506 122.167 122.167 122.167 122.167 123.25 125.708 125.708 125.708 130.611 130.611 130.611 133.669 133.669 133.669 135.344 135.344 137.421 137.421 137.421 137.421 137.421 141.774 141.774 141.774 141.774 141.774 148.727 148.727 148.727 148.727 148.415 148.415 148.415 149.643 149.643 149.643 147.788 150.0 150.0 147.075 147.075 147.075 147.075 145.103 145.103 145.103 145.103 142.263 142.263 142.263 142.263
108.734 108.734 110.209 110.209 110.209 110.209 110.209 112.15 112.15 112.15 112.15 114.3 114.3 114.837 114.837 116.506 116.506 116.506 116.776 122.167 122.167 122.167 122.167 123.25 123.25 124.776 124.776 130.611 130.611 130.611 130.611 133.669 133.669 134.562 136.586 136.586 137.421 137.421 137.421 141.29 141.29 141.774 141.774 141.774 141.774 148.727 148.727 148.727 148.727 148.727 148.727 149.643 149.643 149.643 149.643 150.0 150.0 150.0 150.0 147.075 147.075 147.075 145.103 145.103 145.103 145.103 142.263 142.263 142.263 142.263
108.734 108.734 108.734 108.734 110.209 110.209 112.15 112.15 112.15 112.15 112.15 112.15 114.3 114.837 114.688 114.688 116.776 116.776 116.776 119.31 119.31 122.167 123.25 123.25 124.776 124.776 124.776 130.611 130.611 130.611 130.611 133.669 134.562 134.562 134.562 136.586 136.928 136.928 137.5 141.29 141.29 141.774 141.774 141.774 141.774 148.727 148.727 148.727 148.727 148.727 148.727 149.643 149.643 149.643 149.643 150.0 150.0 150.0 150.0 150.0 150.0 150.0 148.385 148.385 148.385 142.263 142.263 142.263 142.263 142.263
108.734 108.734 108.734 108.734 108.734 108.734 112.15 112.15 112.15 112.15 112.15 112.15 114.688 114.688 114.688 114.688 116.615 116.776 116.776 119.31 119.31 119.31 119.31 124.776 124.776 124.776 124.776 127.5 130.611 130.611 130.611 133.669 134.562 134.562 134.562 136.928 136.928 137.5 137.5 141.29 141.29 141.774 141.774 141.774 141.797 141.953 148.727 148.727 148.727 148.727 148.727 149.988 149.643 150.0 150.0 150.0 150.0 150.0 150.0 150.0 150.0 150.0 148.385 148.385 148.385 148.385 142.263 142.263 142.263 133.269
105.974 108.734 108.734 108.734 108.734 108.734 110.806 110.806 110.806 110.806 110.806 110.806 114.688 114.688 114.688 114.688 116.615 116.615 116.615 119.31 119.31 119.31 119.31 124.776 124.776 124.776 127.5 127.5 127.5 127.5 130.611 134.562 134.562 134.562 134.562 137.5 137.5 137.5 137.5 141.29 141.29 141.29 141.797 141.797 141.953 141.953 145.892 148.727 148.727 149.988 149.988 149.988 149.988 150.0 150.0 150.0 150.0 150.0 150.0 150.0 150.0 150.0 148.385 148.385 148.385 148.385 148.385 142.263 142.263 133.269
105.974 105.974 105.974 108.734 105.833 105.833 110.806 110.806 110.806 110.806 110.806 110.806 110.066 114.688 114.688 114.31 114.31 114.31 114.31 119.31 119.31 119.31 119.31 124.776 124.776 127.5 127.5 127.5 127.5 127.5 127.5 134.562 134.562 134.562 134.562 137.5 137.5 137.5 137.5 141.29 141.29 141.797 141.797 141.953 141.953 143.017 145.892 145.892 149.988 149.988 149.988 149.988 149.988 150.0 150.0 150.0 150.0 150.0 150.0 150.0 150.0 150.0 148.385 148.385 148.385 148.385 148.385 148.385 142.263 133.269
105.974 105.974 105.974 105.974 105.833 105.833 105.833 110.806 110.806 110.806 110.066 110.066 110.066 110.066 114.31 114.31 114.31 114.31 114.31 114.31 119.31 119.31 119.31 119.31 124.776 127.5 127.5 127.5 127.5 127.5 127.5 127.5 134.562 134.562 131.271 137.5 137.5 137.5 137.5 141.29 141.29 141.797 141.953 141.953 143.017 143.017 145.892 145.892 146.182 149.988 149.988 149.988 149.988 150.0 150.0 150.0 150.0 150.0 150.0 150.0 150.0 150.0 150.0 150.0 148.385 148.385 148.385 150.0 142.625 142.625
105.974 105.974 105.974 105.833 105.833 105.833 105.833 105.833 110.806 110.066 110.066 110.066 110.066 110.066 114.31 114.31 114.31 114.31 114.31 114.31 114.091 114.091 119.31 119.31 127.5 127.5 127.5 123.488 123.488 123.488 123.488 123.488 131.271 131.271 131.271 131.271 131.271 131.271 137.13 137.13 137.13 137.13 141.953 143.017 143.017 143.017 145.892 146.182 146.182 146.182 149.988 149.988 149.988 150.0 150.0 150.0 150.0 150.0 150.0 150.0 150.0 150.0 150.0 150.0 150.0 150.0 150.0 150.0 142.625 142.625
105.974 105.974 105.974 105.833 105.833 105.833 105.833 105.833 110.066 110.066 110.066 110.066 110.066 109.127 109.127 114.31 114.31 114.31 114.091 114.091 114.091 114.091 115.1 115.1 123.488 123.488 123.488 123.488 123.488 123.488 123.488 123.488 131.271 131.271 131.271 131.271 131.271 131.271 134.722 137.13 137.13 137.13 137.13 143.017 143.017 143.017 146.182 146.182 145.714 145.714 145.714 146.955 150.0 150.0 150.0 150.0 150.0 150.0 150.0 150.0 150.0 150.0 150.0 150.0 150.0 150.0 150.0 150.0 142.625 142.625
105.974 105.974 105.833 105.833 105.833 105.833 105.833 105.833 110.066 110.066 110.066 109.127 109.127 109.127 109.127 109.127 114.31 114.091 114.091 114.091 114.091 114.091 115.1 115.1 123.488 123.488 123.488 123.488 123.488 123.488 123.488 123.488 131.271 131.271 131.271 131.271 131.271 131.271 134.722 134.722 137.13 137.13 137.3 137.3 138.3 143.017 145.714 145.714 145.714 145.714 146.955 146.955 146.955 150.0 150.0 150.0 150.0 150.0 150.0 150.0 150.0 150.0 150.0 150.0 150.0 150.0 150.0 150.0 142.625 142.625
101.775 101.775 105.833 105.833 105.833 105.833 105.833 105.833 105.833 110.066 109.127 109.127 109.127 109.127 109.127 109.127 114.091 114.091 114.091 114.091 114.091 115.1 115.1 115.1 115.1 123.488 123.488 123.488 123.488 123.488 123.488 121.3 131.271 131.271 131.271 131.271 131.271 131.271 134.722 134.722 137.13 137.3 137.3 138.3 138.3 138.3 145.714 145.714 145.714 144.495 146.955 146.955 146.955 150.0 150.0 150.0 150.0 150.0 150.0 150.0 150.0 150.0 150.0 150.0 150.0 150.0 150.0 150.0 142.625 142.625
101.775 101.775 101.775 105.833 105.833 105.833 105.833 105.833 102.333 102.333 104.386 109.127 109.127 109.127 109.127 109.127 108.818 108.818 113.364 113.364 113.364 115.1 115.1 115.1 115.1 123.488 123.488 123.488 123.488 121.3 121.3 121.3 126.915 126.915 131.271 131.271 131.271 134.722 134.722 134.722 134.722 137.3 137.3 138.3 138.3 138.3 138.3 144.495 144.495 144.495 144.495 146.955 146.955 147.5 147.5 147.5 150.0 150.0 150.0 150.0 150.0 150.0 150.0 150.0 150.0 150.0 150.0 150.0 145.013 145.013
101.775 101.775 101.775 101.775 101.775 105.833 102.333 102.333 102.333 102.333 104.386 104.386 104.386 104.386 104.386 108.818 108.818 108.818 108.818 113.5 113.5 115.1 115.1 115.1 115.1 123.488 121.3 121.3 121.3 121.3 121.3 121.3 126.915 126.915 126.915 126.915 128.22 128.22 134.722 134.722 134.722 137.3 138.3 138.3 138.3 138.3 138.3 144.495 144.495 144.495 144.495 145.093 145.093 147.5 147.5 147.5 150.0 150.0 150.0 148.431 148.431 148.431 150.0 150.0 150.0 150.0 150.0 145.013 145.013 145.013
101.775 101.775 101.775 101.775 101.775 102.333 102.333 102.333 102.333 102.333 104.386 104.386 104.386 104.386 104.386 108.818 108.818 108.818 108.818 108.818 113.5 113.5 115.1 115.1 114.296 114.296 121.3 121.3 121.3 121.3 121.3 121.3 126.915 126.915 126.915 126.915 128.22 128.22 128.22 134.722 134.722 136.4 136.4 136.4 136.4 136.4 136.08 144.495 144.495 144.495 145.093 145.093 145.093 145.093 147.5 147.5 147.5 150.0 148.431 148.431 148.431 148.431 147.451 147.451 147.451 150.0 146.616 145.013 145.013 145.013
101.775 101.775 101.775 101.775 101.775 102.333 102.333 102.333 102.333 102.333 102.045 104.386 104.386 102.778 102.778 108.818 108.818 108.818 108.818 109.519 109.519 109.519 109.519 114.296 114.296 114.296 117.976 117.976 117.976 117.976 121.3 121.3 126.915 126.915 126.915 128.22 128.22 128.22 128.22 128.22 132.627 132.627 136.4 136.4 136.08 136.08 136.818 136.818 136.818 144.495 145.093 145.093 145.093 145.093 147.5 147.5 147.5 148.431 148.431 148.431 148.431 147.451 147.451 147.451 147.451 146.616 146.616 146.616 146.212 144.798
101.775 101.775 101.775 101.775 101.775 102.333 102.333 102.333 102.333 102.045 102.045 102.778 102.778 102.778 102.778 102.778 108.818 108.818 108.818 109.519 109.519 109.519 109.744 114.296 114.296 114.296 114.296 117.976 117.976 117.976 117.976 117.976 126.915 126.915 126.915 128.22 128.22 128.22 128.22 132.627 132.627 132.627 132.627 136.08 136.08 136.08 136.818 136.818 136.818 136.818 145.093 145.093 145.093 145.093 147.5 147.5 147.5 148.431 148.431 148.431 147.451 147.451 147.451 147.451 147.451 146.616 146.616 146.616 146.212 144.798
101.775 101.775 101.775 95.0 95.0 95.0 102.333 102.333 102.333 102.045 102.045 102.778 102.778 102.778 102.778 102.778 102.212 108.818 109.519 109.519 109.744 109.744 109.744 114.296 114.296 114.296 114.296 117.976 117.976 117.976 117.976 115.732 115.732 126.915 128.22 128.22 128.22 128.22 128.22 132.627 132.627 132.627 132.627 132.627 134.545 136.818 136.818 136.818 136.818 136.818 145.093 145.093 145.093 145.093 147.5 147.5 148.431 148.431 148.431 148.431 147.451 147.451 147.451 147.451 147.451 146.616 146.616 146.616 146.212 144.798
101.775 94.333 94.333 95.0 95.0 95.0 97.083 97.083 97.083 97.083 98.25 98.25 102.778 102.778 102.778 102.212 102.212 102.212 102.212 109.744 109.744 109.744 109.744 114.296 114.296 114.296 114.296 114.296 117.976 117.976 115.732 115.732 115.732 115.732 119.103 124.479 124.479 124.479 124.479 128.646 128.646 132.627 131.161 134.545 134.545 134.545 136.818 136.818 136.818 136.818 136.818 145.093 145.093 145.093 147.5 147.5 141.765 141.765 141.765 141.765 147.451 147.451 147.451 147.451 144.737 144.737 146.616 146.616 146.212 145.505
94.333 94.333 94.333 94.333 95.0 95.0 95.0 97.083 97.083 97.083 98.25 98.25 98.25 98.25 102.212 102.212 102.212 102.212 102.212 109.744 109.744 109.744 109.744 109.744 114.296 114.296 111.341 111.341 111.341 115.732 115.732 115.732 115.732 115.732 119.103 124.479 124.479 124.479 124.479 128.646 128.646 131.161 131.161 131.161 134.545 134.545 136.818 136.818 133.333 133.333 133.333 145.093 137.177 137.177 137.177 137.177 141.765 141.765 141.765 141.765 141.765 141.765 147.451 147.451 144.737 144.737 144.737 144.737 145.505 145.505
94.333 94.333 94.333 94.333 95.0 95.0 95.0 97.083 97.083 97.083 98.25 98.25 98.25 98.25 102.212 102.212 102.212 102.212 102.212 102.386 102.386 102.386 102.386 102.386 114.296 111.341 111.341 111.341 111.341 111.341 115.732 115.732 115.732 119.103 119.103 119.103 124.479 124.479 124.479 128.646 128.646 128.646 131.161 131.161 134.545 133.333 133.333 133.333 133.333 133.333 133.333 137.177 137.177 137.177 137.177 137.177 141.765 141.765 141.765 141.765 141.765 141.765 141.765 144.737 144.737 144.737 144.737 144.737 143.547 143.547
94.333 94.333 94.333 94.333 94.333 95.0 95.0 97.083 97.083 97.083 98.25 98.25 98.25 96.275 96.275 102.212 102.212 102.212 102.212 102.386 102.386 102.386 102.386 102.386 111.341 111.341 111.341 111.341 111.341 111.341 115.732 115.732 115.732 119.103 119.103 119.103 121.354 124.479 124.479 128.646 128.646 128.889 128.889 128.889 128.889 133.333 133.333 133.333 133.333 133.333 133.333 137.177 137.177 137.177 137.177 137.177 137.177 141.765 141.765 141.765 141.765 141.765 141.765 138.98 144.737 144.737 144.737 144.737 143.547 143.547
89.649 92.333 92.333 92.333 92.333 92.333 91.667 91.667 97.083 97.083 98.25 98.25 96.275 96.275 96.275 96.275 102.212 102.212 102.386 102.386 102.386 102.386 102.386 102.386 111.341 111.341 111.341 111.341 111.341 110.128 110.128 115.732 119.103 119.103 119.103 121.354 121.354 121.354 124.479 124.479 128.889 128.889 128.889 128.889 128.889 133.333 133.333 133.333 133.333 133.333 133.333 137.177 137.177 137.177 137.177 137.177 137.177 141.765 141.765 141.765 141.765 141.765 138.98 138.98 138.98 144.737 144.737 143.547 143.547 143.547
89.649 92.333 92.333 92.333 92.333 91.667 91.667 91.667 91.667 91.667 98.25 96.275 96.275 96.275 96.275 96.275 96.275 102.386 102.386 102.386 102.386 102.386 102.386 102.386 102.386 111.341 111.341 110.128 110.128 110.128 110.128 110.128 116.538 116.538 119.103 119.103 121.354 121.354 121.354 124.479 128.889 128.889 128.889 128.889 128.889 133.333 133.333 133.333 133.333 133.333 133.333 137.177 137.177 137.177 137.177 137.177 137.177 137.177 141.765 141.765 141.765 141.765 138.98 138.98 138.98 138.98 138.98 143.547 141.667 141.667
89.649 89.649 92.333 92.333 92.333 91.667 91.667 91.667 91.667 91.667 96.275 96.275 96.275 96.275 96.275 96.275 96.275 96.275 102.386 102.386 102.386 102.386 102.386 102.386 102.386 111.341 110.128 110.128 110.128 110.128 110.128 110.128 116.538 116.538 116.538 119.103 119.103 121.354 121.354 128.889 128.889 128.889 128.889 128.889 128.889 133.333 133.333 133.333 133.333 133.333 137.177 137.177 137.177 137.177 137.177 137.177 137.177 137.177 141.765 141.765 141.765 138.98 138.98 138.98 138.98 138.98 138.98 141.667 141.667 141.667
89.649 89.649 89.649 92.333 91.667 91.667 91.667 91.667 91.667 91.667 96.275 96.275 96.275 96.275 96.275 96.275 96.275 96.275 102.386 102.386 102.386 102.386 102.386 102.386 102.386 110.128 110.128 110.128 110.128 110.128 110.128 110.128 116.538 116.538 116.538 116.471 116.471 116.471 116.471 116.471 128.889 128.889 128.889 128.889 128.889 126.635 126.635 126.635 126.635 126.635 126.635 137.177 137.177 137.177 137.177 137.177 137.177 137.177 137.177 141.765 138.98 138.98 138.98 138.98 138.98 138.98 138.98 141.667 141.667 141.667
89.649 89.649 89.649 89.649 91.667 91.667 91.667 91.667 91.667 91.667 90.385 90.385 90.385 90.385 90.385 90.385 90.385 90.385 102.386 102.386 102.386 102.386 102.386 102.386 102.386 110.128 110.128 110.128 110.128 107.879 107.879 107.879 107.879 116.538 116.471 116.471 116.471 116.471 116.471 116.471 116.111 128.889 128.889 128.889 126.635 126.635 126.635 126.635 126.635 126.635 126.635 126.635 137.177 137.177 137.177 137.177 137.177 137.177 137.177 138.98 138.98 138.98 138.98 138.98 138.98 138.98 138.98 136.757 136.757 136.757
