nn.asc
NCOLS 126
NROWS 126
XLLCORNER 2
YLLCORNER 3
CELLSIZE 2
NODATA_VALUE -99999
[rows 0 to 30 of 126, columns 0 to 69 of 126]
-99999.0 -99999.0 -99999.0 -99999.0 -99999.0 -99999.0 -99999.0 -99999.0 -99999.0 -99999.0 -99999.0 -99999.0 -99999.0 -99999.0 -99999.0 -99999.0 -99999.0 -99999.0 -99999.0 -99999.0 -99999.0 -99999.0 -99999.0 -99999.0 -99999.0 -99999.0 -99999.0 -99999.0 -99999.0 -99999.0 -99999.0 -99999.0 -99999.0 -99999.0 -99999.0 -99999.0 -99999.0 -99999.0 -99999.0 -99999.0 -99999.0 -99999.0 -99999.0 -99999.0 -99999.0 -99999.0 -99999.0 -99999.0 -99999.0 -99999.0 -99999.0 -99999.0 -99999.0 -99999.0 -99999.0 -99999.0 -99999.0 -99999.0 -99999.0 -99999.0 -99999.0 -99999.0 -99999.0 -99999.0 -99999.0 -99999.0 -99999.0 -99999.0 -99999.0 -99999.0
-99999.0 -99999.0 -99999.0 -99999.0 -99999.0 -99999.0 -99999.0 -99999.0 -99999.0 -99999.0 -99999.0 -99999.0 -99999.0 -99999.0 -99999.0 65.173 65.173 65.173 65.173 60.0 60.0 60.0 60.0 60.0 60.0 60.0 71.25 71.25 71.25 71.25 71.25 60.0 60.0 60.0 60.0 60.0 66.379 66.379 66.379 66.379 66.379 66.379 76.154 73.846 73.846 73.846 73.846 73.846 73.846 73.846 82.0 82.0 82.0 82.0 82.0 82.667 82.667 82.667 82.667 82.667 82.667 88.171 88.171 88.171 88.171 88.171 88.171 88.171 70.0 70.0
-99999.0 -99999.0 -99999.0 -99999.0 -99999.0 -99999.0 -99999.0 -99999.0 -99999.0 -99999.0 -99999.0 -99999.0 65.173 65.173 65.173 65.173 65.173 65.173 60.0 60.0 60.0 60.0 60.0 60.0 60.0 60.0 60.0 71.25 71.25 71.25 60.0 60.0 60.0 60.0 60.0 60.0 66.379 66.379 66.379 66.379 66.379 66.379 66.379 76.154 76.154 76.154 76.154 76.154 73.846 73.846 82.0 82.0 82.0 85.429 87.143 87.143 82.667 82.667 82.667 90.789 90.789 88.171 88.171 88.171 88.171 88.171 88.171 88.171 70.0 70.0
-99999.0 -99999.0 -99999.0 -99999.0 -99999.0 -99999.0 -99999.0 -99999.0 -99999.0 64.744 64.744 64.744 65.173 65.173 65.173 65.173 65.173 65.173 60.333 60.0 60.0 60.0 60.0 60.0 60.0 60.0 60.0 60.0 60.0 60.0 60.0 60.0 60.0 60.0 60.0 60.0 66.379 66.379 66.379 66.379 66.379 66.379 76.923 76.923 76.923 76.923 76.154 76.154 76.154 76.154 85.429 85.429 85.429 85.429 87.143 87.143 87.143 82.667 90.789 90.789 90.789 88.171 88.171 88.171 88.171 88.171 88.171 88.171 70.0 70.0
-99999.0 -99999.0 -99999.0 -99999.0 -99999.0 -99999.0 64.744 64.744 64.744 64.744 64.744 64.744 64.744 65.173 65.173 65.173 62.29 60.333 60.333 60.333 60.0 60.0 60.0 60.0 60.0 60.0 60.0 60.0 60.0 60.0 60.0 60.0 60.0 60.0 60.0 66.628 66.628 66.379 66.379 66.379 66.379 66.379 76.923 76.923 76.923 76.923 76.923 76.923 76.923 85.333 85.429 85.429 85.429 85.429 87.143 87.143 91.207 90.789 90.789 90.789 90.789 88.171 88.171 88.171 88.171 88.171 88.171 88.171 83.571 75.333
-99999.0 -99999.0 -99999.0 72.979 72.979 72.045 64.744 64.744 64.744 64.744 64.744 64.744 65.568 65.568 62.29 62.29 62.29 62.29 60.333 60.333 60.333 60.0 60.0 60.0 60.0 60.0 60.0 60.0 60.0 60.0 60.0 60.0 60.0 60.0 60.0 66.628 66.628 66.628 66.379 66.379 66.379 66.379 76.923 76.923 76.923 76.923 76.923 85.333 85.333 85.333 90.802 90.802 90.802 90.802 91.943 91.207 91.207 91.207 90.789 90.789 91.842 91.842 88.171 88.171 88.171 88.171 88.171 88.171 83.571 83.571
-99999.0 -99999.0 72.979 72.045 72.045 72.045 68.361 68.361 64.744 64.744 65.568 65.568 65.568 65.568 62.29 62.29 62.29 62.29 62.29 60.333 60.333 60.333 60.333 60.0 63.714 60.0 60.0 60.0 60.0 60.0 60.0 60.0 60.0 60.0 60.0 66.628 66.628 66.628 68.256 68.256 66.379 66.379 76.923 76.923 76.923 85.333 85.333 85.333 85.333 85.333 90.802 90.802 90.802 90.802 91.943 91.943 91.207 91.207 90.789 91.842 91.842 91.842 88.171 88.171 88.171 88.171 88.171 83.571 83.571 83.571
-99999.0 -99999.0 72.045 72.045 72.045 68.361 68.361 68.361 68.361 65.568 65.568 65.568 65.568 65.568 62.29 62.29 62.29 62.29 62.29 63.487 63.487 63.487 60.333 63.714 63.714 63.714 63.714 60.0 60.0 61.364 60.0 60.0 60.0 60.0 60.0 66.628 66.628 68.256 68.256 68.256 68.256 74.432 84.286 84.286 85.333 85.333 85.333 85.333 85.333 85.333 91.872 90.802 90.802 90.802 91.943 91.943 91.943 91.207 91.842 91.842 91.842 91.842 91.842 88.171 91.659 91.659 91.659 83.571 83.571 83.571
-99999.0 -99999.0 72.045 72.045 72.045 68.361 68.361 68.361 68.361 65.568 65.568 65.568 65.568 65.568 65.223 65.223 65.223 65.223 63.487 63.487 63.487 63.487 63.487 63.714 63.714 63.714 63.714 63.714 61.364 61.364 61.364 61.364 60.0 60.0 66.628 66.628 66.628 68.256 68.256 74.432 74.432 74.432 84.286 84.286 84.286 85.333 86.447 86.447 86.447 86.447 91.872 91.872 91.872 91.872 91.943 91.943 91.943 91.943 91.842 91.842 91.842 91.842 91.842 91.659 91.659 91.659 91.659 88.472 83.571 83.571
-99999.0 -99999.0 72.045 72.045 72.045 68.361 68.361 68.361 68.361 65.568 65.568 65.568 65.568 65.568 65.223 65.223 65.223 65.223 65.223 63.487 63.487 63.487 63.714 63.714 63.714 63.714 63.714 63.714 61.364 61.364 61.364 61.364 66.818 66.818 66.628 66.628 68.256 68.256 74.432 74.432 74.432 74.432 84.286 84.286 84.286 84.286 86.447 86.447 86.447 86.447 91.872 91.872 91.872 91.872 91.872 91.943 91.943 91.943 96.176 96.176 96.176 96.176 91.659 91.659 91.659 91.659 91.659 88.472 88.472 83.571
-99999.0 -99999.0 72.045 72.213 69.93 69.93 69.93 69.93 69.141 69.141 65.568 65.568 65.568 65.568 65.223 65.223 65.223 65.223 65.223 65.223 63.487 63.487 63.714 63.714 63.714 63.714 63.714 63.714 61.364 61.364 66.818 66.818 66.818 66.818 66.818 74.659 74.432 74.432 74.432 74.432 74.432 74.432 84.286 84.286 84.286 84.286 86.447 86.447 86.447 86.447 91.872 91.872 91.872 91.872 91.872 91.943 91.943 96.176 96.176 96.176 96.176 96.176 96.176 91.659 91.659 91.659 91.659 88.472 88.472 88.472
-99999.0 -99999.0 72.213 72.213 72.213 69.93 69.93 69.93 69.141 69.141 69.141 69.141 65.568 65.568 65.223 65.223 65.223 65.223 65.223 65.223 65.223 63.487 63.714 63.714 63.714 63.714 63.714 63.714 66.818 66.818 66.818 66.818 66.818 66.818 74.659 74.659 74.659 74.432 74.432 74.432 74.432 74.432 84.286 84.286 84.286 84.286 84.286 93.75 93.75 93.75 96.064 91.872 91.872 91.872 91.872 91.872 96.176 96.176 96.176 96.176 96.176 96.176 96.176 91.659 91.659 91.659 90.934 90.934 88.472 88.472
-99999.0 -99999.0 72.213 72.213 72.213 72.213 69.93 70.0 69.141 69.141 69.141 69.141 69.141 69.141 65.223 65.223 65.223 65.223 65.223 65.223 65.223 75.909 73.75 73.75 73.75 73.75 73.75 73.75 66.818 66.818 66.818 66.818 66.818 66.818 74.659 74.659 74.659 74.659 74.432 74.432 74.432 74.432 84.286 84.286 84.286 84.286 93.75 93.75 93.75 96.064 96.064 96.064 96.064 96.064 101.711 101.711 101.711 96.176 96.176 96.176 96.176 96.176 96.176 91.659 91.659 90.934 90.934 90.934 90.934 89.615
-99999.0 -99999.0 72.213 72.213 72.213 72.213 70.0 70.0 69.141 69.141 69.141 69.141 70.0 71.22 71.22 71.22 65.223 65.223 65.223 75.909 75.909 75.909 76.136 73.75 73.75 73.75 73.75 73.75 73.75 66.818 66.818 66.818 66.818 75.735 75.735 74.659 74.659 74.659 74.659 74.432 74.432 74.432 84.286 84.286 84.286 93.75 93.75 93.75 93.75 96.064 96.064 96.064 96.064 96.064 101.711 101.711 101.711 101.711 101.711 96.176 99.203 99.203 99.203 99.203 99.203 90.934 90.934 90.934 89.615 89.615
-99999.0 -99999.0 72.213 72.213 72.213 71.758 71.758 70.714 70.714 69.141 70.0 70.0 70.0 71.22 71.22 71.22 71.22 71.22 75.909 75.909 75.909 75.909 76.136 73.75 73.75 73.75 73.75 73.75 73.75 77.5 77.5 77.5 77.5 75.735 75.735 75.735 75.735 75.735 81.25 81.25 85.0 85.0 84.286 84.286 96.25 93.75 93.75 93.75 93.75 96.064 96.064 96.064 96.064 96.064 101.711 101.711 101.711 101.711 101.711 100.34 100.34 99.203 99.203 99.203 99.203 99.203 90.934 89.615 89.615 89.615
-99999.0 -99999.0 72.213 71.758 71.758 71.758 71.758 70.714 70.714 70.0 70.0 70.0 70.0 71.22 71.22 71.22 71.22 71.22 75.909 75.909 75.909 75.909 76.136 76.136 75.417 73.75 73.75 73.75 73.75 77.5 77.5 77.5 77.5 77.5 75.735 75.735 75.735 81.25 81.25 85.0 85.0 85.0 85.0 96.25 96.25 96.25 96.25 96.25 96.064 96.064 96.064 96.064 96.064 101.711 101.711 101.711 101.711 101.711 101.711 100.34 100.34 100.34 99.203 100.067 100.067 100.214 100.214 89.615 89.615 89.615
-99999.0 -99999.0 71.758 71.758 71.758 71.758 71.758 70.714 70.0 70.0 70.0 70.0 71.22 71.22 71.22 71.22 71.22 71.22 75.909 75.909 75.909 75.909 76.136 76.136 75.417 75.417 75.417 75.417 75.417 77.5 77.5 77.5 77.5 77.5 80.435 80.435 80.435 81.25 85.0 85.0 85.0 85.0 85.0 96.25 96.25 96.25 96.25 96.25 96.25 96.064 96.064 96.064 96.064 104.664 104.664 101.711 101.711 101.711 101.711 101.248 101.248 101.248 100.067 100.067 100.214 100.214 100.214 92.308 92.308 92.308
-99999.0 -99999.0 71.758 71.758 71.758 71.758 71.758 72.695 72.695 72.695 70.0 70.0 71.22 71.22 71.22 71.22 71.22 71.22 75.909 75.909 75.909 75.909 76.136 76.136 75.417 75.417 75.417 75.417 77.5 77.5 77.5 77.5 77.5 77.5 80.435 80.435 80.435 85.0 85.0 85.0 85.0 85.0 85.0 96.25 96.25 96.25 96.25 96.25 96.25 96.25 96.064 96.064 104.664 104.664 104.664 104.664 101.711 101.711 101.711 101.248 101.248 101.248 100.067 100.214 100.214 100.214 100.214 92.308 92.308 92.308
-99999.0 -99999.0 71.758 71.758 71.758 71.758 72.695 72.695 72.695 72.695 72.695 72.695 71.22 71.22 71.22 71.22 71.22 71.22 75.909 75.909 75.909 75.909 76.136 76.136 76.136 75.417 75.417 75.417 77.5 82.759 82.759 82.759 82.759 86.957 86.957 80.435 86.25 86.25 86.25 86.25 85.0 85.0 85.0 96.25 96.25 96.25 96.25 96.25 96.25 96.25 105.238 105.238 104.664 104.664 104.664 104.664 104.664 105.561 105.561 101.248 101.248 102.487 102.487 100.214 100.214 100.214 100.214 92.308 92.308 92.308
-99999.0 -99999.0 86.04 71.758 72.695 72.695 72.695 72.695 72.695 72.695 72.695 72.695 71.22 71.22 71.22 71.22 71.22 71.22 75.909 75.909 75.909 75.909 76.136 76.136 76.136 75.417 75.417 75.417 82.759 82.759 82.759 82.759 82.759 86.957 86.957 86.957 86.25 86.25 86.25 86.25 86.25 86.25 86.25 96.25 96.25 96.25 96.25 96.25 105.238 105.238 105.238 105.238 106.119 106.119 106.119 104.664 104.664 105.561 105.561 105.561 102.487 102.487 102.487 102.487 100.214 100.214 100.214 92.308 92.308 92.308
-99999.0 -99999.0 86.04 86.04 86.04 72.695 72.695 72.695 72.695 72.695 72.695 72.695 79.642 79.642 71.22 71.22 71.22 71.22 75.909 75.909 75.909 75.909 76.136 76.136 76.136 75.417 75.417 82.759 82.759 82.759 82.759 82.759 82.759 86.957 86.957 86.957 86.25 86.25 86.25 86.25 86.25 86.25 86.25 96.25 96.25 105.238 105.238 105.238 105.238 105.238 105.238 105.238 106.119 106.119 106.119 106.119 106.119 105.561 105.561 105.561 102.487 102.487 102.487 102.487 100.214 100.214 100.214 92.308 91.282 91.282
-99999.0 -99999.0 86.04 86.04 86.04 86.04 72.695 72.695 72.695 72.695 79.643 79.643 79.642 79.642 79.642 79.642 79.642 79.642 79.642 75.909 75.909 76.136 76.136 76.136 76.136 76.136 94.286 92.8 92.8 82.759 82.759 82.759 82.759 86.957 86.957 86.957 99.038 99.038 99.038 99.038 104.333 104.333 104.333 104.333 105.238 105.238 105.238 105.238 105.238 105.238 105.238 105.238 106.119 106.119 106.119 106.119 106.119 105.561 105.561 105.561 102.487 102.487 105.217 105.217 103.214 103.214 103.214 103.214 91.282 91.282
-99999.0 -99999.0 86.04 86.04 86.04 86.04 86.04 72.695 79.643 79.643 79.643 79.643 79.643 79.642 79.642 79.642 79.642 79.642 79.642 79.642 75.909 76.136 76.136 76.136 94.286 94.286 94.286 94.286 92.8 92.8 92.8 92.8 92.8 86.957 86.957 99.038 99.038 99.038 99.038 99.038 104.333 104.333 104.333 104.333 105.238 105.238 105.238 105.238 105.238 105.238 105.238 105.238 105.238 109.156 109.156 109.156 109.156 109.156 105.561 105.561 105.217 105.217 105.217 105.217 103.214 103.214 103.214 103.214 103.214 91.282
-99999.0 -99999.0 86.04 86.04 86.04 86.04 86.04 85.405 85.405 79.643 79.643 79.643 79.643 79.642 79.642 79.642 79.642 79.642 79.642 79.642 91.081 76.136 76.136 94.286 94.286 94.286 94.286 94.286 94.286 92.8 92.8 92.8 96.4 96.4 99.038 99.038 99.038 99.038 99.038 104.333 104.333 104.333 104.333 104.333 110.8 110.8 105.238 105.238 105.238 105.238 105.238 105.238 109.156 109.156 109.156 109.156 109.156 110.304 110.304 110.304 105.217 105.217 105.217 105.217 103.214 103.214 103.214 103.214 103.214 91.282
-99999.0 86.04 86.04 86.04 86.04 86.04 86.04 85.405 85.405 85.405 79.643 79.643 79.643 79.642 79.642 79.642 79.642 79.642 79.642 91.081 91.081 91.081 91.081 94.286 94.286 94.286 94.286 94.286 94.286 92.8 92.8 92.8 96.4 96.4 96.4 99.038 99.038 99.038 99.038 104.333 104.333 104.333 104.333 110.213 110.8 110.8 110.8 111.786 111.525 111.525 111.525 111.525 111.525 110.664 110.664 110.664 110.304 110.304 110.304 110.345 110.345 105.217 105.217 103.214 103.214 103.214 103.214 103.214 103.214 103.214
-99999.0 86.04 86.04 86.04 86.04 86.04 86.04 85.405 85.405 85.405 85.405 79.643 79.643 79.642 79.642 79.642 79.642 91.081 91.081 91.081 91.081 91.081 91.081 94.286 94.286 94.286 94.286 94.286 94.286 94.286 92.8 96.4 96.4 96.4 96.4 99.038 99.038 99.038 105.667 104.333 104.333 104.333 110.213 110.213 110.8 110.8 110.8 111.786 111.786 111.525 111.525 111.525 111.525 110.664 110.664 110.664 110.664 110.304 110.345 110.345 110.345 105.217 105.217 103.214 103.214 103.214 103.214 103.214 103.214 96.5
-99999.0 86.04 86.04 86.04 86.04 86.04 85.405 85.405 85.405 85.405 85.405 85.405 79.643 79.642 79.642 79.642 91.081 91.081 91.081 91.081 91.081 91.081 91.081 100.455 100.455 94.286 94.286 94.286 94.286 94.286 94.286 96.4 96.4 96.4 96.4 107.407 107.407 105.667 105.667 105.667 105.667 110.213 110.213 110.213 110.8 110.8 110.8 111.786 111.786 111.786 111.525 111.525 111.525 110.664 110.664 110.664 110.664 110.304 110.345 110.345 110.345 107.405 107.405 107.405 103.214 103.214 103.214 96.5 96.5 96.5
-99999.0 86.04 86.04 86.04 86.04 90.2 90.2 85.405 85.405 85.405 85.405 85.405 85.405 79.642 79.642 91.081 91.081 91.081 91.081 91.081 91.081 91.081 91.081 100.455 100.455 100.455 94.286 94.286 94.286 94.286 94.286 104.697 104.697 105.185 105.185 107.407 107.407 107.407 105.667 105.667 105.667 110.213 110.213 110.213 110.8 110.8 110.8 111.786 111.786 111.786 111.525 111.525 111.525 115.975 110.664 110.664 110.664 110.345 110.345 110.345 110.345 107.405 107.405 107.405 106.25 106.25 96.5 96.5 96.5 96.5
-99999.0 86.04 86.04 86.04 90.2 90.2 90.2 90.2 90.2 85.405 85.405 85.405 85.405 92.692 92.692 91.081 91.081 91.081 91.081 91.081 91.081 91.081 91.081 100.455 100.455 100.455 100.455 100.455 103.704 103.704 103.704 104.697 104.697 105.185 105.185 107.407 107.407 107.407 107.407 105.667 105.667 110.213 110.213 110.213 110.8 110.8 110.8 111.786 111.786 111.786 111.786 111.525 115.975 115.975 115.975 115.975 115.975 110.345 110.345 110.952 110.952 107.405 107.405 106.25 106.25 106.25 96.5 96.5 96.5 96.5
-99999.0 86.04 86.04 90.2 90.2 90.2 90.2 90.2 90.2 90.2 85.405 85.405 92.692 92.692 92.692 92.692 91.081 91.081 91.081 91.081 91.081 91.081 91.081 100.455 100.455 100.455 100.455 100.455 103.704 103.704 103.704 104.697 104.697 105.185 105.185 107.407 107.407 107.407 107.407 105.667 115.682 110.213 110.213 110.213 110.8 110.8 110.8 117.353 117.353 111.786 111.786 115.975 115.975 115.975 115.975 115.975 115.975 110.952 110.952 110.952 110.952 110.952 106.25 106.25 106.25 106.25 96.5 96.5 96.5 96.5
-99999.0 97.909 90.2 90.2 90.2 90.2 90.2 90.2 90.2 90.2 94.4 92.692 92.692 92.692 92.692 92.692 91.081 91.081 91.081 91.081 91.081 91.081 103.182 103.182 100.455 100.455 100.455 100.455 103.704 103.704 103.704 108.889 108.889 105.185 105.185 107.407 107.407 107.407 115.682 115.682 115.682 115.682 115.682 118.298 118.298 118.298 117.353 117.353 117.353 117.353 117.353 115.975 115.975 115.975 115.975 115.975 116.417 116.417 110.952 110.952 110.952 110.833 106.25 106.25 106.25 106.25 96.5 96.5 96.5 96.5
