nni.asc
NCOLS 251
NROWS 251
XLLCORNER 2
YLLCORNER 3
CELLSIZE 1
NODATA_VALUE -99999
[rows 0 to 18 of 251, columns 176 to 219 of 251]
-99999.0 -99999.0 -99999.0 -99999.0 -99999.0 -99999.0 -99999.0 -99999.0 -99999.0 -99999.0 -99999.0 -99999.0 -99999.0 -99999.0 -99999.0 -99999.0 -99999.0 -99999.0 -99999.0 -99999.0 -99999.0 -99999.0 -99999.0 -99999.0 -99999.0 -99999.0 -99999.0 -99999.0 -99999.0 -99999.0 -99999.0 -99999.0 -99999.0 -99999.0 -99999.0 -99999.0 -99999.0 -99999.0 -99999.0 -99999.0 -99999.0 -99999.0 -99999.0 -99999.0
-76.82230389932866 -39.95369423023928 -19.84191265998846 -7.170986578755137 1.5491777111727953 7.920443761408165 12.780833412652935 16.609889978943325 19.695795308240168 22.19459393445033 24.13216305874011 25.56457223450496 26.821590551836778 27.976806567454435 29.01859290098493 29.962168058734598 30.820522298287635 31.604089756459544 32.32147893739166 32.979868651307704 33.585250924530165 34.14261276381557 34.65605589561595 35.12886177108644 35.563497877758806 35.96154750326742 36.32352125782856 36.64845986588815 36.93313640091268 37.17052155648976 37.345490302895286 37.42476101969728 37.3278941218061 36.996718842828095 36.65068753033998 36.43287002817155 36.261636262896744 36.08636974360276 35.89392363806297 35.65109934716209 35.50023531565628 35.34616484647945 35.17942537778758 35.00799166104504
37.978022465257844 38.53819125265774 39.078845821473244 39.59326091320224 40.078882426973784 40.53529004872699 40.963063862561334 41.36110122645429 41.70859372873779 42.003982433441905 42.10843207850723 42.07029799242189 42.016121053251666 41.95078356046145 41.8760832496174 41.791093671492625 41.692729487323376 41.57578692808286 41.432398693260716 41.25070912756604 41.01226053615084 40.698088101300264 40.36626651061872 40.03171804270579 39.693836042438974 39.35194659705173 39.005524611544395 38.65541614297752 38.31412592255319 37.99084265501645 37.66818675266936 37.34691435974279 37.064051987627984 36.882740171741155 36.7121569527598 36.54315120921223 36.371693030155775 36.195242815451394 36.00758544532499 35.783067951353765 35.54140286262316 35.39058501276862 35.24407475622283 35.0848236526805
47.60953146751688 47.31208366520862 47.074135977024355 46.88351723323035 46.726433144015786 46.5848711664184 46.42855983347271 46.18072240550779 45.60710026003068 44.85829009499921 44.18857999367473 43.83884770970202 43.507357472912226 43.17904749289644 42.85242743598241 42.52725292714869 42.20357683025362 41.880838305487195 41.55855060803104 41.23672912652707 40.91538924498353 40.5945451123407 40.274207465064386 39.954379628113024 39.63504976358194 39.316175010697506 38.99764684970593 38.67920879025329 38.360237274604046 38.04153495754085 37.72647614729929 37.42127982474985 37.18454127044749 36.99422467122928 36.81957492142672 36.65266013190491 36.484030619140334 36.312469286670094 36.13519624988037 35.93896591468285 35.72484363053227 35.546098661523935 35.36904942417326 35.19550524815495
51.050012474888064 50.49196199593553 49.94510046991956 49.382168492137 48.748224366670605 48.045833854959604 47.332591696241316 46.5946700611193 45.82427603009396 45.03334373238548 44.28782582402439 43.85379614480624 43.500676030146536 43.16389525090188 42.833930682333126 42.50834195856124 42.18641539515718 41.86788596178641 41.550526968735404 41.23371676876324 40.917499418216494 40.6019098893695 40.2869745740937 39.97270774200658 39.65910186760993 39.34610552312768 39.0335720767227 38.721131589155604 38.40784000326145 38.09640952047252 37.79364492766739 37.51878146438327 37.30303498091267 37.106713084860914 36.92755451817077 36.76160821642319 36.597894505508684 36.433748165947506 36.26907818318106 36.099167278961104 35.9084993464004 35.73467334106784 35.55994672581433 35.3837052986696
51.98690218746626 51.266244158673764 50.54234785737919 49.81351678544064 49.076298317529016 48.323886098687936 47.55390546709955 46.77996480081469 45.998564144686526 45.201581449253354 44.42023598089871 43.89210723841018 43.50274896564851 43.15038252648109 42.81324860649073 42.48508210734925 42.16370958377795 41.84844270098135 41.53670264340977 41.225545264440065 40.91506647178561 40.60534164919217 40.296429353769284 39.988371378946425 39.68118415240394 39.3748337721646 39.069170999226685 38.76375176427112 38.457460433499584 38.156574482067384 37.8713323689339 37.636748352602964 37.42108530795613 37.21692902002963 37.03333262284782 36.868812828273654 36.71090495264716 36.55482056639155 36.403880512542976 36.25826391707273 36.09969582250837 35.92855321441753 35.75491940358271 35.579511855973
52.36664296956528 51.60695028053628 50.840197162794794 50.06429795131907 49.2862117852993 48.507051153985714 47.72626470709126 46.943557393461646 46.155947678988575 45.364696252710424 44.56801011410689 43.9466295134819 43.50823460411104 43.13441480318347 42.78727285320145 42.45528618010985 42.134205152575355 41.82243137048611 41.516680293445454 41.21157212811741 40.90734249379966 40.604248217540615 40.302339740328094 40.00130978801358 39.701310290610095 39.402469242035586 39.104681748090485 38.80746976894586 38.510541991906756 38.22500300839919 37.97424843763932 37.75648848519109 37.540785582587205 37.32613559235245 37.13416506569576 36.975638994536794 36.84153311358428 36.711356674718274 36.580934743945704 36.44785540156227 36.29055640935234 36.12352619183519 35.9514228699168 35.776988839733555
52.61840743784557 51.82980689036601 51.03960249152796 50.24860657143586 49.45711505997049 48.6659161593955 47.875621355125006 47.086139891219695 46.300127563246114 45.522993655244974 44.734999236578815 44.0153152976054 43.51116000732298 43.1093308002011 42.75029080105818 42.41450377500595 42.09475851505863 41.78771609981445 41.48839503630014 41.189551043704434 40.89186686528169 40.59584554505322 40.30184057590733 40.009883613053596 39.7190085565252 39.428716168369355 39.14008995869912 38.85270607237919 38.57176994203371 38.31411378824649 38.09392367281434 37.88943000805082 37.68011355416564 37.46428879621725 37.25907253797469 37.14131550373779 37.0262827596054 36.905691937052644 36.77738451865811 36.63948017292232 36.48243820972965 36.31752492095309 36.14828152031135 35.97529225702929
52.83769890948214 52.02684648616822 51.216663783432494 50.407676312112855 49.60093615994509 48.79756650188995 47.99768288909287 47.20640938400862 46.435700984048985 45.67777177940302 44.90257789882678 44.11261018752111 43.51234840112673 43.066519258343135 42.69351872182592 42.355950429499664 42.040407979795866 41.742213886844475 41.450251699770824 41.15821432049011 40.86713156778998 40.57812364141565 40.292071223053256 40.00951784875456 39.730458982064214 39.45221678201624 39.17501188496903 38.904160824212696 38.66383287084724 38.477651452882824 38.28489142235572 38.08720684650804 37.88656688911841 37.682991585227334 37.50195490819663 37.35884040093606 37.23644728448398 37.109642683635784 36.975907465859514 36.83370599458718 36.67728967134614 36.51325858572017 36.34550298460369 36.17451490426001
53.0351476393436 52.19748073681547 51.364496907195914 50.53518646674209 49.709902457078925 48.891138553258685 48.089388432808306 47.30991866310098 46.559039502236224 45.831952723450556 45.07000714264594 44.27560159091992 43.5240554363142 43.00456803647522 42.60666413111362 42.270561293553016 41.96837031120357 41.68430982163634 41.39991184393725 41.11481145516541 40.830437219230845 40.54810449008738 40.26913503262391 39.9949886708708 39.726747425965506 39.46520555259926 39.21470353415175 39.025181599319424 38.85038875934498 38.67213200020664 38.488190272872224 38.29920284371469 38.10511020232089 37.90798188001914 37.73403422868567 37.58345363532171 37.44594028723762 37.31307314014979 37.17522609960368 37.03031415557373 36.874172680409586 36.71124315612718 36.54415214872404 36.374604290023385
53.17508889354554 52.315332918432894 51.46052298293121 50.61268425968273 49.775092218587375 48.95336345915489 48.15723179105179 47.3904959135751 46.66100041839126 45.984362714719964 45.23836159083668 44.44395559743757 43.64955048738582 42.926803068236225 42.487697860295846 42.16458197362911 41.88430686924954 41.60844377062494 41.33144686053231 41.052733565403734 40.77388984338683 40.49636625791147 40.22128047067272 39.94900537238606 39.67643421948519 39.42773258884619 39.28538214904114 39.14934293356871 39.00386626212703 38.84945744380516 38.6849822379417 38.5067466445891 38.32084446048664 38.13146149043647 37.95806620228391 37.80270983394523 37.65681555432954 37.51705191565168 37.37540742240426 37.22840435969008 37.07236986571657 36.91036620987065 36.74424489563996 36.575688641551395
53.239357481830375 52.374468945188646 51.51426734720044 50.6604517519668 49.81641139198267 48.988728973152135 48.191619460668825 47.43427511044329 46.71498605701258 46.00795953287684 45.29150053593097 44.552520503291326 43.79366415987901 43.01952531168378 42.34938354663511 42.07789313272821 41.80253861898727 41.52492478447581 41.24613927955481 40.96692550647809 40.68779286294802 40.40907994998136 40.1309784404439 39.863823842075966 39.638417331933056 39.46601901641233 39.34719197141043 39.23294428813667 39.11036986676793 38.980339076709946 38.84348235870347 38.6966569402 38.532962570539794 38.350367875687645 38.17727682461666 38.017807301175324 37.86684281587231 37.721498090713155 37.576128188707365 37.42729328072035 37.27136294562913 37.1100793940918 36.944985749633425 36.77762528903944
53.30084723491716 52.425675183960514 51.55503087773127 50.68913507463193 49.8304950272511 48.9857580357916 48.17465268890856 47.41520606388673 46.70718315439698 46.03838778047997 45.347785836777554 44.638064280543375 43.91189621803994 43.171710411200785 42.444058246805966 42.01690067576505 41.72735675991574 41.44463986697191 41.16176142768323 40.8787773040906 40.59602829082812 40.3137732311569 40.048569736684385 39.82977925955916 39.654274331225025 39.517467506615326 39.41334483558069 39.31131859203523 39.20331479075116 39.08968567397161 38.97190971679704 38.849387893329705 38.71776875824602 38.56441038817909 38.39276846986882 38.23035354391342 38.07569682700633 37.92624433923869 37.77715932419653 37.626272751433945 37.47056698669641 37.309997039962894 37.145861218430205 36.979602841896956
53.378950618816894 52.477299328183946 51.587567113657194 50.70069929070162 49.813524039688915 48.92708034617212 48.07469022200345 47.40153412559599 46.76882851301245 46.11430068717171 45.439879042076925 44.748145550810264 44.0413911553352 43.321795537178986 42.59693643670651 42.03590039523728 41.6654467226865 41.369861769352596 41.07871379964648 40.78908629507287 40.50082655083468 40.225527428966494 40.00511195989084 39.829135078706926 39.68669990020353 39.57316878174409 39.48155361003138 39.38763332279077 39.28994011312019 39.188093887787396 39.08372189060839 38.9775600900142 38.8686572262531 38.751171935987834 38.605994033041995 38.44132611939916 38.28365802126005 38.13094774398447 37.978030994580266 37.824494975255 37.66918202333365 37.50953609040064 37.346511239366215 37.1813201472763
53.48308237565976 52.5713725228324 51.66064364024238 50.76306796664794 49.872417955832 48.98956428530566 48.17761263855718 47.499103984651505 46.86257038384616 46.217197136340666 45.553463340796334 44.87349521878212 44.17924671172749 43.47256973305672 42.75541546136494 42.105583032672975 41.63572657895065 41.29986626168368 40.99637481784523 40.69733440523373 40.40289359257357 40.16559931733425 39.988550342905576 39.84563828456075 39.72859928826723 39.633597919359076 39.550213161343905 39.46210593289363 39.37167448578996 39.27872118867655 39.18416062337393 39.08938297338611 38.995201779552374 38.90100738759807 38.798933531897575 38.65123618070974 38.49125708708544 38.33472900305991 38.17785966179823 38.02157803872793 37.86592866215104 37.707740086453704 37.546309226386775 37.3824684179118
53.59059688221303 52.71666301585892 51.85259957597694 50.99306734650476 50.14088078316239 49.30574596820367 48.501891650044875 47.75780895703738 47.04132668505399 46.34787412633173 45.68221986911709 45.01056827553897 44.32485946729325 43.62669126815335 42.91759517672908 42.21294738414204 41.63709574975054 41.23653436304377 40.913780086859845 40.6012197864623 40.31610119889083 40.130236036048196 39.99025514253105 39.875674091642104 39.780193106937595 39.69881213350728 39.61835684928443 39.53460664227673 39.44885204494432 39.36236833827155 39.2750153237803 39.188017072493174 39.102836181905445 39.02089463070576 38.943414460571894 38.8603453273295 38.697622374645555 38.535348440738424 38.37485205167717 38.21613567611913 38.05903233531051 37.90279704649527 37.74399641016656 37.58280180635214
53.79331912203273 52.94517087083458 52.099860265254144 51.25974277963804 50.42867318927636 49.60606891549572 48.79776608800873 48.02728854038658 47.279851291030184 46.550762163402474 45.84107592646234 45.15773888986018 44.47832632598437 43.785996882510155 43.08201166705601 42.367496545490866 41.67801649329719 41.186947896961435 40.83012992202332 40.496299363801114 40.25058336473953 40.11680756792827 40.011391026161796 39.92244563643214 39.8433967066349 39.76478227705861 39.685482805589324 39.60500520800802 39.52265148997437 39.43958488261296 39.356731639053386 39.27460320379158 39.19385052084847 39.11541680097269 39.03943998987161 38.95721826250984 38.84947057855036 38.70564210016199 38.55594248544628 38.40379173898525 38.24834049007584 38.09147991330888 37.93739296288391 37.78126541966409
54.0449200203304 53.202507668341354 52.36494871541852 51.5328440652099 50.70681093622293 49.88765219048473 49.07700950825465 48.28996247006671 47.52363829353325 46.77368837288338 46.040750589021066 45.32781200249045 44.63994314754375 43.951904785542176 43.250861346461264 42.537379601177165 41.82004478983602 41.24833896696449 40.772778413195574 40.37252960747291 40.224077852600736 40.14977043075144 40.07521379874371 39.99676903091567 39.915469196791435 39.83330062259433 39.7526108715223 39.67330001370452 39.59342599705218 39.51265480324414 39.43167512600233 39.35101386726369 39.27092271686061 39.19298942158673 39.11304384919107 39.02953602166865 38.93889055631871 38.831229057244364 38.70439114810572 38.5686942007548 38.426316998764285 38.27674770928133 38.121359116087135 37.97275439921201
54.3050428003375 53.45978047261754 52.62630223702406 51.79748537388412 50.97396444984233 50.156522826658815 49.34620002345349 48.547435850660705 47.7670011327744 47.00205801621781 46.25281391716925 45.522447770907114 44.814025383019874 44.12564681231421 43.42534796026911 42.748899355517544 42.16918406060181 41.63256631170481 41.10000050752453 40.645524808551066 40.42990252746788 40.307728635884665 40.20989340925067 40.11760978579153 40.023173522791986 39.92806158550286 39.83425808447494 39.74456214239045 39.66187521585914 39.5822842187436 39.50236831788444 39.422152934599346 39.34388166545257 39.266295513386744 39.1878019493479 39.107801933313574 39.02496399447743 38.93362102956251 38.831116171131775 38.715666982414845 38.58936638402959 38.45254517989526 38.30321971713626 38.146738960243646
