nni.asc
NCOLS 251
NROWS 251
XLLCORNER 2
YLLCORNER 3
CELLSIZE 1
NODATA_VALUE -99999
[rows 152 to 170 of 251, columns 0 to 43 of 251]
100.676115639392 103.16560123159121 104.26269985557894 104.40543520353287 104.54817055148706 104.69090589944122 104.83203625366247 104.96668448686081 105.09433040433663 105.21637376780139 105.37383595651626 105.56022199751249 105.75782812513458 105.9638184332458 106.17854085249726 106.40338602108909 106.63924083892223 106.8807817306508 107.1271418115617 107.37816126071037 107.63295230047443 107.8886461269522 108.13893773889947 108.39245813287444 108.65560388511463 108.93785005085338 109.25571310534708 109.5940450163611 109.94123954055452 110.29773229902453 110.66453440860452 111.04328649960077 111.43494118983678 111.8404906662505 112.2617308830212 112.70003436765198 113.15658203803503 113.62709128860311 114.10251421877278 114.5552574701428 115.01261161684563 115.5085332460388 116.03178057245587 116.57398590160464
100.34406098720544 102.79907208018022 103.94043666521392 104.08317201316801 104.22590736112217 104.36622911730153 104.49901573696721 104.62503838827156 104.74448710406739 104.86283389197784 105.00906006473136 105.18048356815711 105.36679843707677 105.56220112527708 105.76646943914652 105.98051450817412 106.20597524931686 106.44414192038968 106.68758766225044 106.9338456533659 107.1814184050108 107.42683725769115 107.6732792607938 107.92459682675774 108.18427316319962 108.46432232119976 108.7999669486182 109.1519332783938 109.50566651088494 109.86705643360456 110.23760701371624 110.61836371192592 111.01066784037832 111.41657416791976 111.83862144645325 112.27881987883204 112.73840441414814 113.2197156756085 113.72475757882317 114.22484611850301 114.67030750044275 115.1531787534488 115.67331218713646 116.21536832517758
100.01214749855019 102.43338797691572 103.61817347484909 103.76090882280305 103.90224144866215 104.03537412817259 104.16073477755695 104.27983039218557 104.39314774694967 104.5066529212193 104.64250403375983 104.79975573913299 104.97345012317085 105.15858318734294 105.35265163741595 105.55620597202808 105.77053566273686 105.99756998963073 106.23689036998319 106.47797512649952 106.71839444163908 106.96000215835541 107.20404996590325 107.45207671067047 107.70843741536918 107.99536386214453 108.33158133663869 108.69557693069159 109.0568619639441 109.42263425843316 109.79556129639732 110.17724850639439 110.56957321332527 110.97471565380224 111.39534599280773 111.83533372532332 112.29539779970153 112.77650776029306 113.28042342379239 113.78932371562507 114.32395849807068 114.79395524828641 115.3048990448622 115.84508254328763
99.68035659764267 102.06825193366545 103.29591028448398 103.43856689625876 103.57467808072428 103.7007679395133 103.81946830918649 103.9326308393314 104.04089415561756 104.14839435862919 104.27414380307535 104.41927313485648 104.5797676031291 104.7523383232552 104.93533435238973 105.12825287226262 105.33154307557214 105.54666302383568 105.7762624692304 106.01378724887516 106.25187624199091 106.49097980073026 106.73179930374279 106.97547999285338 107.23334070924318 107.5242998402045 107.8587908200622 108.2293639299644 108.59602010167663 108.964941851575 109.3395576706405 109.72163180299461 110.112992498162 110.51590047489972 110.93337958932645 111.36981122576226 111.8285790442527 112.30618742175587 112.79889214753152 113.29214428909266 113.84960190448261 114.41260336597814 114.92313880018028 115.45773737469004
99.34865433464444 101.70329528384626 102.96682699578463 103.11473053979336 103.2442038849723 103.36327352962857 103.47571528674716 103.5807361873142 103.68080217647172 103.7801386808988 103.8967606858144 104.03312486875726 104.1847318646622 104.34718859179169 104.51811547136998 104.69921865851795 104.89115061241455 105.09537622003971 105.31459423078374 105.54869750114302 105.78426484029332 106.02019182531181 106.2569181145597 106.495518728454 106.75565307921649 107.04978367383995 107.38517975942057 107.75170590219042 108.1210200113125 108.49197852006733 108.86769681086643 109.24982444990222 109.64018875105873 110.04025779425378 110.45255940377405 110.8829384794788 111.33883199432599 111.8149127594293 112.30091977082333 112.83105790121905 113.4214930326898 113.97815199158696 114.51116499644404 115.01274914966332
99.01697674261405 101.33802580868256 102.62784681232365 102.78909718634547 102.91080157273767 103.01857513118767 103.11214497157178 103.20227944874638 103.29334701449314 103.3871277879982 103.49709122727735 103.62720612618251 103.77362225773108 103.93231286431593 104.09962869953513 104.27187709005496 104.45249668470655 104.64600090795311 104.85527709770956 105.08331053533712 105.31565406349449 105.54776129808226 105.77963486252959 106.01271464637671 106.2731439867605 106.56996863925383 106.90680365485088 107.26309299693263 107.63143232046822 108.00394842121752 108.38021264450315 108.76161586353186 109.14966887218945 109.54588513347602 109.95197452988896 110.37379718934395 110.82667311449008 111.30241339134015 111.81194138357468 112.37944041865799 112.97955199499457 113.50720119036787 113.98602181565876 114.50104352494712
98.68519397058188 100.97168169998774 102.28400727981592 102.46104255118661 102.56283536669264 102.63968705092448 102.71403459088268 102.79248293043148 102.87699656457669 102.97065446740002 103.07669836450003 103.2023651351777 103.34498760620454 103.50118606900973 103.66748153035635 103.84029055559346 104.01491309065145 104.19747525401367 104.3965966598722 104.6173556318007 104.84561159491004 105.07304461133984 105.2993123687622 105.52500773292786 105.7837510694943 106.08071042001589 106.42048093730075 106.76971092614912 107.13011638520814 107.500674355592 107.87713614771174 108.25725250605488 108.64172911590641 109.03201763473002 109.42940890587373 109.83962892164254 110.28943139956657 110.78119943407842 111.3235677395828 111.88352454960445 112.43670436789606 112.94941435485248 113.46173289305524 113.98561320371971
98.35287470623939 100.60270599964473 101.93568406699401 102.11421137786036 102.16549947284858 102.21753077073673 102.2783847319527 102.34980765828914 102.43360998331111 102.5295019429815 102.63686737319459 102.75981201609196 102.89988211753861 103.05458721725384 103.2207816164618 103.3951728578669 103.57339895818092 103.74920072823481 103.93749008912332 104.15110983875856 104.37408052649285 104.59559522054582 104.8149965294244 105.0301115502759 105.28196887279609 105.58734568241769 105.92356983182762 106.26992459249058 106.62475493648046 106.98900784674055 107.36085233357896 107.73768601681948 108.11779476681232 108.50024602047318 108.88607759551996 109.28211443453881 109.74697088100268 110.27469513666632 110.81451829427849 111.35830495316713 111.88755810102818 112.40715183175789 112.93693611199909 113.46909010448032
98.01794937969068 100.21950609655583 101.54546222547933 101.66685719846596 101.69899630687263 101.744693672574 101.80433428991007 101.87764896918883 101.96427795029894 102.06385358954638 102.17590123037361 102.29986469748984 102.43884492506598 102.5927073582819 102.75956057108897 102.93650652017128 103.11943303913354 103.30064041653682 103.47767511005917 103.68464956662712 103.90010644050297 104.1133898324699 104.32376359288375 104.52814291284096 104.7691563624589 105.08197329541089 105.41312510845184 105.75787151179927 106.11321791738428 106.47572733759525 106.8434031617168 107.21583316860779 107.59134181247991 107.96849698195632 108.3460173862985 108.72514050994239 109.22666394174432 109.7530398507654 110.28381703340499 110.81721904585876 111.33744946956742 111.87182803313152 112.41414953460212 112.953799202847
97.68124892986617 99.81897648412804 101.04261176319122 101.1178417545636 101.1709541329099 101.23027495808789 101.29819964649043 101.37765767450028 101.46951985304042 101.57414798016953 101.69132905891705 101.82061806215823 101.96157305221257 102.11554574951391 102.28290804952799 102.462367296341 102.65146940803268 102.84351172894661 103.01751780668343 103.2166337508372 103.4184792713654 103.61727286098443 103.81148532898176 103.99659207547519 104.24012558302152 104.55395391616148 104.88472094739497 105.2328477003349 105.59175912497798 105.95653746344593 106.32521064970824 106.69678202450959 107.07085034838009 107.45120008212012 107.83967974178226 108.24530707186595 108.7072610223979 109.21877644189921 109.73859046844602 110.26697104396594 110.78869185213112 111.34016368848894 111.89477650036088 112.44208506978873
97.34342758421215 99.40761989097406 100.52277093075647 100.55722374050218 100.60908317283908 100.68180493774618 100.76304963427849 100.85162137509381 100.95073027940978 101.06141425557995 101.1839547201963 101.31841435048774 101.46446925997209 101.62201326116097 101.79102983934655 101.9721947835202 102.16545830644574 102.36950133950505 102.55947135100149 102.73208089108999 102.8968452792364 103.06635912660728 103.24595993069785 103.44485948138122 103.66095985544139 103.99205003587666 104.33656827799601 104.69573970915998 105.06077108064824 105.4290925408061 105.79971329124069 106.17249059270999 106.55227306556124 106.94045017916821 107.33886878311135 107.75943586991511 108.20970961359103 108.69865027102895 109.20464644592961 109.71681645554595 110.23905664503083 110.81057200925206 111.38098668258752 111.93678573191242
97.00482550775024 98.98560629215505 99.98826194614036 99.99481246562655 100.04049098259559 100.10955835187224 100.20172260378237 100.30158591401249 100.40928360668626 100.52668120542586 100.6546695513748 100.79382543624108 100.94411604680506 101.10519094804096 101.27692709151472 101.45855204506012 101.64957105015496 101.84717164904667 102.00267996479133 102.07979458641985 102.28970729311047 102.49321179192698 102.69710775035496 102.89930320007988 103.10247024676909 103.3936541633309 103.76995016111762 104.14680053424331 104.52075686313647 104.89407968493025 105.26747638073061 105.64512742945176 106.03096409622702 106.42616923677838 106.83581939577658 107.26515830499109 107.71463622712766 108.19032905466393 108.68779625777132 109.1848166464918 109.69001618695239 110.2826596532497 110.87965904976937 111.44261418632023
96.66564019493964 98.55672584068753 99.43835758235706 99.43418344007522 99.46725345679084 99.52990681480023 99.61786785144473 99.72913453528774 99.84608797579128 99.97056737016617 100.10400835442653 100.24733471647143 100.40105947083404 100.56400629604035 100.73479204666093 100.91189570929569 101.09099725808322 101.25366603043703 101.39902858348971 101.55106621906087 101.74684634441648 101.95972353671658 102.16740295271107 102.36861245376758 102.56587761707031 102.81704341359952 103.21266119955254 103.59818776501052 103.97760801515781 104.35395666567653 104.7302536436622 105.11392550926787 105.50664135180592 105.91060902640208 106.32922711794934 106.76622395877236 107.2238939898925 107.7050424438489 108.20823315557818 108.71068505984528 109.20288623874153 109.78289985236745 110.40393283368593 110.96766910478213
96.32594797618272 98.12479499564478 98.88579563793478 98.87473382116055 98.89309118880671 98.94378226487264 99.0232132877282 99.1355293405326 99.26164900683507 99.39319126689206 99.53190041855181 99.6789461671834 99.83521403487828 99.99847659163193 100.16626718162884 100.3350604800812 100.49517824174544 100.65179802149353 100.82462648169013 101.00780549048055 101.20695805197377 101.42538417872234 101.63923887130099 101.84603405941658 102.06605041207251 102.3458338563915 102.70219510763351 103.07698990086564 103.45171297809496 103.82512192732375 104.2002005250976 104.58515211909454 104.98302754664643 105.39339102912989 105.8200972755399 106.26674927670095 106.73525069148513 107.22686721907986 107.74062604071278 108.26264888992397 108.79707466867981 109.37997538449889 109.98149552854582 110.52678408760963
95.98575577925625 97.68974064049033 98.33290817776336 98.31582529559827 98.32211914409851 98.35586580975719 98.42030047495435 98.522603818311 98.65601413479148 98.79401235176233 98.93748199102258 99.08763638895911 99.2455379966807 99.40799534077016 99.57076217794163 99.72912943434193 99.88906945931527 100.06200230413715 100.2551910138352 100.45721824508291 100.66928689059392 100.89336626542759 101.11374106477432 101.33665954312451 101.59113594127794 101.88041252910297 102.21987025787953 102.57999033288586 102.94429961129372 103.31093632642465 103.6814550954501 104.06326368005007 104.4592352926188 104.87301164288907 105.3074996257452 105.7639154028491 106.23544967491885 106.72491585042795 107.23592480887669 107.75888194468597 108.30286266986128 108.896854757117 109.53698499193392 110.01155557170088
95.64501994355449 97.25124022248036 97.78002120050313 97.75747158906704 97.753219282197 97.77209105513589 97.81805056008818 97.90041041764236 98.02950478334986 98.17152422003444 98.31867517079979 98.47100159093556 98.62974276946215 98.79164137917391 98.95446747330837 99.11838756467169 99.28967031993356 99.479312601091 99.688512783722 99.90602531453 100.13207885224311 100.3646489115004 100.5925227882245 100.83989898176503 101.11369871830291 101.41165746804354 101.74229674657101 102.09239095221888 102.44809632616634 102.8072460229847 103.17000485539664 103.54433880854988 103.93406428933625 104.34788709223798 104.78985402763641 105.24532623134975 105.71153889459819 106.1952353354145 106.69538155733446 107.20634689693712 107.73499145494799 108.28989729161846 108.83682166560418 109.33300616695054
95.30363859582089 96.80866499430938 97.22724380326294 97.20013467322673 97.18626736327897 97.1914507796214 97.2200245092598 97.2820316930647 97.39693580491524 97.53684731987796 97.68393571106064 97.83821255676823 98.00190632125445 98.1699124893752 98.33992133111747 98.5124564836339 98.69567449277886 98.90228346103856 99.12359867426699 99.35729841912254 99.59770944363899 99.8395954952872 100.07906686493581 100.34478353947506 100.63287455944148 100.93774626932544 101.26235856768197 101.60242218647768 101.95027989013096 102.30338314949375 102.66033344591689 103.02614608938893 103.40685945647054 103.81698114821536 104.26015252891216 104.7086960729672 105.16743023509588 105.64159654453273 106.12453309926538 106.6168075638952 107.12074168121099 107.6336127613244 108.1441000481736 108.63162717352012
94.96144743338363 96.36100414043244 96.67401651654829 96.6444620387771 96.62175778226573 96.61411498748265 96.62585660393049 96.66670885858049 96.76359683564904 96.89982358671712 97.046346057953 97.20365974036422 97.37454668197006 97.55018732437748 97.72927972278285 97.91277948682584 98.1080823849718 98.32505081994991 98.56053920780447 98.81302014443322 99.06817653173886 99.31862888483808 99.56944436116869 99.84972803018448 100.14460260687761 100.45315180232134 100.776305499295 101.10748756176615 101.44828637355263 101.79593487094826 102.14865280036575 102.50673726397336 102.87795980285189 103.27991627358438 103.71684992460983 104.15629328033911 104.60533723257221 105.06232463084056 105.52546500224332 105.99606743220967 106.47297786653073 106.9591497745334 107.44892619068949 107.92993066955313
94.61822475029408 95.9067728840031 96.12030581281985 96.08897760482127 96.06131580855975 96.04117747630347 96.03659599945361 96.05461474040767 96.12907496487647 96.25839881664947 96.40384950941086 96.56912630299198 96.7493379769249 96.93470855226862 97.12540339147203 97.32294500226087 97.52384203444747 97.74485706643615 98.00397854407046 98.27482814559421 98.54190318009546 98.80166325105614 99.06156118263729 99.35024335736634 99.64795083453653 99.9598334707363 100.28028690313609 100.60736780123355 100.94184571474054 101.28452580656582 101.63351808746074 101.98747872870133 102.34760105540542 102.73491983821212 103.16078493112617 103.5871785799743 104.01777146386331 104.45416122060129 104.89735478862737 105.34614382618143 105.80197438527786 106.27128811610858 106.74729649235067 107.22658662214475
