nni.asc
NCOLS 251
NROWS 251
XLLCORNER 2
YLLCORNER 3
CELLSIZE 1
NODATA_VALUE -99999
[rows 95 to 113 of 251, columns 88 to 131 of 251]
134.66787750178412 136.86220342109272 136.71267748105097 136.4403399934739 136.1362500525258 135.8186136412812 135.29992126539227 135.17056327712422 134.9406607715743 134.6497261382802 134.31743012133174 133.95433374720622 133.56636248439185 133.15689131735272 132.7278054066682 132.28008148021138 131.81412753817327 131.3299822909232 135.75596124252235 136.12682296356417 136.50281924303502 134.43270588989594 133.69598110880875 127.29283651132545 126.31985036127544 125.33192111610099 124.33081805658729 123.3179705213782 122.29471744780508 121.26257845138174 120.22372238072346 119.18220862754387 134.0027370120549 121.27427789730079 116.32401271746585 115.36832243914274 114.38597766897124 113.39199015061364 113.58616111986383 112.22959684039698 111.12457580160842 109.47958564178319 108.54256765511066 107.66816923218042
134.86941989971797 137.56171495710606 137.36115308602928 137.0748795341322 136.77043914215426 136.45821877586496 136.14104186424018 135.7513466889315 135.54772002107475 135.2639679065686 134.930605429312 134.5627688930527 134.16849103526746 133.75216651263167 133.3161714245404 132.86168150495925 132.3890973594739 135.8891909284773 136.29505625336927 136.82886437594124 137.4729122142325 134.37599823232088 128.68229289870368 127.73615413852252 126.77299566277294 125.79497914271322 124.80369819166853 123.80046283345024 122.78652263712638 121.76333033163192 120.73305077768907 134.21780992502693 120.11351105251853 120.52660802226448 115.8750580874572 116.04231744003889 115.09488162360354 114.13339279743158 113.22779214544286 112.22317396775283 111.23338886994168 110.25590177775973 109.42322300238277 108.61090903027294
137.83850215454325 138.22819178819725 137.96743916318744 137.67504657106736 137.3767566049418 137.0749978144713 136.77023408729679 136.46219212982692 136.16376943939844 135.89736016409236 135.56621092285943 135.19418651010804 134.79293682449673 134.36846156400168 133.92383989958432 133.46047817559176 132.97868176526345 136.4668217440611 137.08679597347867 137.96240814187257 139.29758907271147 134.2840747049303 129.12445451202962 128.18821395608973 127.23502849538461 126.26682830782514 125.2850412554984 124.29084287908508 123.2853644716231 122.26997341646104 134.56239696977485 120.31371060625887 119.51168403457352 119.44024846130145 119.77786730057913 116.70523045592316 115.78452323722676 114.84598450990936 113.91241904604908 112.92640222745231 111.95334481488618 110.99138428601526 110.03917823513761 108.2969030452398
138.16097136726404 138.88145981211792 138.48605048038507 138.21842797686702 137.94146675801431 137.65970026829078 137.37423153566743 137.08511288798778 136.79158024823283 136.548350506052 136.22647409831217 135.85163100620474 135.44256012939687 135.0080656132558 134.55234121800947 134.077105785375 136.67855151466821 137.34725062865414 138.4401617432445 138.61351070892965 136.98241504340226 134.1642542527215 129.5756448055397 128.64970990829988 127.7066663703803 126.74824437498106 125.7757131927809 124.79011267960261 123.79247018365984 135.1430770495364 133.70436337305938 120.94902592541014 120.10461210862701 119.24340118446636 118.76193851637204 116.64397885884001 116.46529111722192 115.58586793401923 114.60270718236886 113.63302028067628 112.67516274689041 111.72743306856317 110.78883688414749 109.85890329559476
138.30279794845293 138.89878578529195 138.23288416954347 138.19147695126713 138.4350611518575 138.19408625448716 137.94075265762422 137.67982880368262 137.41244732234554 137.13762709024962 136.91328519329338 136.53950733584736 136.12173865304823 135.67450150913942 135.2040085396283 136.95372271782153 137.63542788005913 139.0563099766751 137.76279466449387 136.40309939760468 135.4834243423834 134.02074222780405 130.03669208770407 129.12145755306494 128.18874156167138 127.24009528407929 126.27663922852732 125.29929865392663 135.00723962581304 134.10715234665415 122.41826054016302 121.57823372918438 120.72784985416581 119.86495442855319 118.98499752676084 115.92791824155326 116.79327742252285 116.26364657958194 115.29571613248213 114.34111198962125 113.39759255331356 112.46329598963952 111.53731172855163 110.61948805937166
138.69956087696355 139.0388033920492 139.03227767360158 138.30944437734814 138.25448210737545 138.18340860683344 138.1534057661313 138.2282439450418 138.00019230018134 137.76119417968187 137.6231229499276 137.26375327165215 136.83716343802791 136.37303065256066 137.31988029467286 138.0028093676696 138.4548434614541 136.46361302253302 135.35112781141677 134.7280306593431 135.50233809185332 133.857771512141 130.5085636188045 129.60441424847357 128.68221463531984 127.74335389588977 126.78882532133429 133.77054690040578 134.8489671869025 123.88848631349673 123.05190887314836 122.2089776465183 121.3579689326746 120.49722709665849 119.62323985269613 118.72683565091383 116.5948008288412 116.94346832579873 115.98957844830926 115.04957325619486 114.12011768597479 113.19896385005234 112.28513253850583 111.37854060019845
139.01526822466485 139.24351446978918 139.2392759891673 138.37030750826924 138.38093783984135 138.30869509061006 138.18037214337056 138.03756723898897 138.0726825501405 138.3410991145908 138.141153739327 138.02954644256394 137.59930912939626 137.11115397781657 138.5695169453287 135.89047552507103 134.1707778647577 133.70842133880848 133.631369106065 133.88975424530565 135.5343090041726 133.6831648535946 130.99240652151775 130.09970294320183 129.18818491124168 128.25910096483992 132.25975609917296 134.65093251084335 133.4728301054718 124.52280540667273 123.68608359326198 122.84385848918662 121.99491954838439 121.13806360230978 120.27071442737238 119.38583558861932 116.27681148266842 117.62336191977975 116.68303871702504 115.7578352739226 114.84276320141028 113.935025210542 113.0335354909485 112.13824783454012
138.90044709668396 139.46335695994875 139.44936839841012 139.38126206028167 138.37961435693424 138.38145179553487 138.31911322036908 138.31211035981792 138.50553476672354 138.5295564050297 138.2043256378187 138.09278924928088 138.40898624960477 136.5226108943205 136.99055802712286 136.35331828157038 135.63039240268427 134.83885188986332 133.99873265430995 135.17257882008812 135.61177125511526 132.34896921041957 131.4896034941134 130.60863766234232 129.70788843737805 130.71675700622447 132.93285045442877 134.4129511741086 125.98809085330788 125.15736350017748 124.32302694686696 123.48349316576015 122.63798026380766 121.7857285595994 120.92501980778133 120.05072542188918 115.93963036504988 118.30180496939556 117.37518477825775 116.4657415454033 115.56606482466276 114.67271391871317 113.78461982052329 112.90206682774551
138.6070897586953 138.41325310883363 139.65992715786976 139.56572313307407 139.4419825105459 138.0226774648144 138.44749593934537 138.92425123982397 139.11094470984077 139.14488348470329 139.1089831474761 139.0154002135179 138.34385468042325 138.20823554949877 137.63394144412212 136.9611058894987 136.21754496002296 135.3877341450964 134.55467952285622 134.7969901515015 135.7654711022662 132.84828070962067 132.00185697401034 131.13273874428853 130.48077625671314 130.9325659419808 134.12121201982364 127.44393391104889 126.61995717931967 125.79389431005828 124.96345551654635 124.12771651810834 123.28630024716294 122.43886700912401 121.58447062621981 120.71975608642916 115.62473094405075 118.9773825739664 118.06527092066898 117.17355301050603 116.29119675882502 115.4141557525182 114.54176771424446 121.2421411063726
139.67621743766608 138.36257660938236 139.83233665692975 139.6606920129361 139.4716332180859 137.78014037834492 138.15502087163196 138.66341106114353 138.94096369775022 138.93582068973208 137.8613499626483 137.83005256648528 137.8719903940191 138.3685575962353 138.74436009890314 136.27558958974797 136.10253581994425 136.25635105541113 136.47989362076095 134.9807584425359 136.0892078325469 133.36487001585985 132.53132078592222 131.8193575013817 130.95714581673926 131.55381335279915 133.76712786994293 128.0691520967761 127.25321422960285 126.43299600942792 125.6073927655832 124.77610018535218 123.93912218905665 123.0964882634857 122.24790440360611 121.3916441668753 120.83813584159975 119.64834672752885 118.75257551416131 117.88213867708906 117.02035208236887 119.43709516422224 120.3117504257169 121.2784134831703
139.79529060834292 139.97587967369554 139.99927265018377 139.62828883609 139.5393990119739 139.48467615432372 137.8561161652722 138.1760999501863 138.37516675551353 137.3330575105233 137.198121815424 137.28478352158768 137.53498978080003 137.98552045794023 138.5356523415409 138.6792601257491 138.77380692724694 136.3538952060318 136.16747613412 135.47808800508028 135.3835604057769 133.9029407912749 133.18508320085485 132.3093030609564 131.45911939824458 133.2107734508631 129.49626614345792 128.69523164229162 127.88825549569042 127.07469970420576 126.25459939262511 125.42823195029497 124.595941320415 123.75804517762546 122.91472123330767 122.06556862741917 122.19458864775066 120.24508982564039 119.436281585903 118.59363390447275 118.7416353590344 119.26653002137597 120.35018973426715 121.61412361519378
139.85136740884312 139.98078838899377 139.93817888242785 139.9933168796345 139.99344424359248 139.50743607198692 137.56759953172116 136.9888733417494 136.9184214770677 136.74481097981823 136.76147846997605 136.90389871827657 137.1349419064372 137.70594738145925 138.40955403828443 138.6402368872459 137.55955180785895 137.1345307645984 135.17268002040512 135.90804728330335 135.3098622801013 134.55313196443223 133.69122823185714 132.83308489488275 131.99359169602332 132.93392972370742 128.23910359395316 128.9007906196055 128.52504995442493 127.71883769138566 126.90488980727471 126.08399540667344 125.25677881472255 124.42374767370166 123.58531383130745 122.74753508216172 124.15535491609775 119.69174243453227 120.19533615587588 119.3782395286356 118.55542307421491 119.2944803876009 120.81771965642955 116.21270713072938
139.9431520685984 139.99101967361577 139.9528756856571 139.76837036535318 140.24598059586532 140.06860343000875 140.0149241953864 139.9003832105705 139.7550722809104 139.60140851804834 139.42906964006514 139.23413571419476 139.01469719075533 138.769488947346 138.49735512209747 138.1971132882303 137.86809372808176 137.51388532643273 139.67825373219998 135.3480478201718 135.00590885236088 134.70060825287408 132.7455452392526 133.41200406767362 132.5757087863061 126.01253734599655 126.9334615629991 127.52826520437523 127.86649136770612 127.93394709526021 127.55867423279592 126.74420281423038 125.96656597312541 125.13029267376959 124.31153575914952 124.17494480563897 125.54346945424405 122.1991604084441 121.01265542763154 120.20573264963848 119.4009548639948 119.58103323444494 121.77479162149655 117.0771563425765
139.99041257218056 139.99980997585968 140.01799641187398 140.0043415019798 140.01209762431114 140.00915022778824 140.02863876342565 139.9791705802089 139.87804531178094 139.75242836298114 139.60202263558327 139.42713079800905 139.22823054851665 139.00582151959472 138.76044308709467 138.49293127930892 138.2053304750771 138.95531052983424 139.40839106028506 134.8793768553631 134.4701998866955 133.13663827380728 132.6771758374092 133.42622938153391 133.73796043245355 132.40289256079924 131.58693776417286 130.77218087095082 129.9573686119163 129.14160298585568 128.32404619922085 127.5038787154536 126.68034707284292 125.85299269842218 125.02253836073373 124.51063621438195 131.84536783856336 122.68205102876416 122.10042872640724 121.17133705547745 120.35100013004559 120.53895907813408 118.70905206261351 117.93985177346273
140.04661319348665 140.07454203091456 140.06937464465094 140.05059081845718 140.0141328268605 140.03980863126355 140.13360851458475 140.07472931764445 140.05083307084737 139.94724952664527 139.81474627193336 139.65656970927162 139.47498139846115 139.27181211900964 139.04880923715052 138.80806053629385 138.55286726055905 138.61738860424958 138.9279059869364 139.5860328486569 134.25104170593232 132.3863630508283 132.1777915403032 131.9502739809757 133.9147499949647 133.1193217593188 132.2931742391321 131.47799090133995 130.665787208409 129.85439323885848 129.04276896949258 128.2303816794568 127.41731688952117 126.60507762202444 125.7993540591688 125.14958496846899 131.78148246560883 123.4151374850389 122.68648074489262 119.09704791278628 119.46906991876894 121.91222537995277 119.58618364889594 118.80030145533364
140.11614922057393 140.15432789623145 140.15658241823346 140.15045180015574 140.09980446019725 142.5324521175538 140.2971239227169 140.27317552179395 140.26420797118206 140.17793293771965 140.05985495813664 139.9153401653141 139.74799811610876 139.56066530765122 139.35595278361757 139.13673932516605 138.76234707653612 138.48877391015156 138.3992353417948 139.04692368813014 134.13122195654205 131.68286690764677 131.3121556454474 135.4486009564552 134.6471765877188 133.83597667193408 133.03014512004077 132.20724232503082 131.39501795991967 130.5875415023771 129.7829759289694 128.98115982332916 128.18367705466758 127.39557232402815 126.6302856617071 131.9410038740338 123.84833688779737 124.18905945377828 123.50665837538769 122.72749945448142 118.7573916689868 119.09619588122496 120.52653843288797 119.6629488609579
140.2717880943916 140.25412959588795 140.25219169012274 140.25972381644743 140.26532350289773 140.67077782568933 140.5357519265379 140.51227207583602 140.44225787785615 140.43928960007952 140.33272861829556 140.19913965289714 140.04324740461504 139.8686944649731 139.67874618022128 139.47682528050788 139.2076880483748 138.9819528796651 138.74252855883046 138.40856869754757 139.48670471219748 130.91505862867194 130.86057863975932 136.16765541427438 135.36186708257898 134.55345783695552 133.74983832510517 132.9683929590997 132.1515736721864 131.3472204835114 130.55151973540538 129.76482235306682 128.991360879441 128.24212501175276 132.4765376132717 131.79707448665457 122.65444690529856 122.64459257858697 122.35469722471794 121.52230055198014 123.45005921419305 123.9694695587494 118.13886660232473 120.59150315877349
140.38864908895636 140.3672490555123 140.37960266682632 140.4120570157416 140.66504304280676 140.69978810491014 142.42253409509286 140.82657891543496 140.74379065901152 140.72766641911716 140.63033386140242 140.5052785908479 140.3583299342953 140.19386223291116 140.01569428250744 139.82911305967497 139.62262911308002 139.41925576822743 139.22104915611644 139.02660253338493 138.75944643429625 130.0921021441114 136.5362411698728 136.8598521801555 136.05952453794632 135.25886057302822 134.46222615817246 132.55889463233967 132.94782383550827 132.14522246259835 131.36189309847543 130.59916638183077 129.86660561066068 133.42441149976253 132.37555023144486 131.61843890660543 121.47766062702883 121.29414241516344 120.92240571208173 124.18892104342844 123.88189603031772 122.68043483080871 123.33207797478966 124.7446009954578
140.54532270025697 140.50823532822156 140.53047676281267 140.58252407092243 140.74877748811502 140.84045836913273 142.34744880395962 142.51173405213086 140.96865350960562 140.92738290179517 140.9505659364224 140.83205710762536 140.6918346180239 140.53508579379226 140.36618351808903 140.21319516635515 140.0169389976986 139.8261407799146 139.6448467804245 139.47925905766806 139.3390369621703 134.6501063046447 136.28726730579518 137.52353062039623 136.73767420652467 135.95045389657213 135.16592942632107 134.38697707755557 130.75881976162285 130.92403990655154 130.71382089869655 130.06311498160082 129.2589242256731 132.94564837723073 132.25547673252123 120.79268050329912 120.69326937441541 120.5078373364295 123.41883579977797 124.13636499170096 125.57619225507138 125.09572628822933 123.2167047394322 122.76089932348049
