nni.asc
NCOLS 251
NROWS 251
XLLCORNER 2
YLLCORNER 3
CELLSIZE 1
NODATA_VALUE -99999
[rows 57 to 75 of 251, columns 88 to 131 of 251]
112.98420910906937 113.1236700201393 113.25708419126057 113.38473373158097 113.51061481289372 113.63514555762913 113.75924927576058 113.887844799185 114.01716071761852 114.13456537676161 114.2473389095922 114.34431027525174 114.42078503005317 114.4789279898932 114.5305203786219 114.57761561044587 114.621371165783 114.66266488829203 114.70220368677904 114.73731683251832 114.71668547758325 114.57584992248358 114.35567022412 114.07692425249336 113.76176093871823 113.43643870548136 113.10015936119242 112.75304547272107 112.39487042890713 112.02439809245566 111.63475855972348 111.20951069803449 110.73610545554816 110.13836852494661 109.41932323858478 108.64666202816426 107.8272820219471 107.00573949737993 106.17855942959858 105.24944071355065 104.33146832194053 103.42069917805699 102.51543665667815 101.61489396917496
113.61960609487126 113.7557886089095 113.88457931060097 114.00558104978272 114.12263451483999 114.2381800325146 114.35247088461408 114.47022983364845 114.588326522389 114.69521931721857 114.79703361308248 114.88574488325945 114.95396104857767 115.0056946068375 115.05365566941059 115.09806157627509 115.13970167038602 115.17916823283004 115.21698609310137 115.25389107933977 115.2440880729724 115.0640104011845 114.79114949281174 114.47203829570184 114.1422664934682 113.7991893267179 113.44310127772624 113.07382998315765 112.69061006920678 112.29191908933494 111.87513095804516 111.43886620339697 111.00292734013117 110.37017745830899 109.55997855304629 108.72727232969052 107.88611017905448 107.03150168455933 106.15087721028458 105.25409000191989 104.34628391876558 103.43760450189825 102.53150825382954 101.6283637383599
114.25965263433875 114.39199658420851 114.51551362564238 114.62963752912 114.73755534621306 114.84365338221319 114.94798042428145 115.0548210568463 115.16345158494725 115.26219142386292 115.35365915707828 115.43350127613263 115.49197466158998 115.53713813920388 115.58032734286739 115.62173706808436 115.66124266956058 115.69894637979672 115.7349876983332 115.76949318720919 115.78763774335211 115.51734688200582 115.19513920081849 114.86611101582207 114.52313986598156 114.16372424009327 113.78803690383002 113.39565409955449 112.98548055484996 112.55555968713136 112.1027966561958 111.63758770298462 111.1783982097212 110.4595085121057 109.61696934032895 108.75595052284916 107.88814686806754 107.01238566427165 106.12375144968664 105.22792455447347 104.3310705527443 103.43036953517708 102.52753388736689 101.62462402253992
114.90510647736797 115.03368032172541 115.1510357090739 115.25712572054199 115.35566412921074 115.45196906149839 115.54603198335658 115.64184490912075 115.74138275828149 115.8334921894687 115.91706556887836 115.98565904602748 116.03120302640234 116.07137963842179 116.11084593593364 116.14901557586884 116.18595282077808 116.21602481633388 116.23569301847077 116.24342023699141 116.19378335157042 115.92211390243904 115.59601534547383 115.26109274158402 114.90708697102251 114.53209320733052 114.13638578422962 113.71928741482274 113.27907836982962 112.81268541069403 112.3225041599614 111.81076218817458 111.24345065822449 110.49754911652597 109.63214657219412 108.76483774865554 107.88979081606008 107.0038757239529 106.10935188298893 105.20935593642585 104.3076891103281 103.40790467069361 102.50809953629495 101.6064214797085
115.55672142453516 115.68248003845835 115.79231945506497 115.88839143025942 115.97739842753657 116.06392523440154 116.14802116666864 116.23285258926545 116.32073214971274 116.40777011310597 116.48524706808018 116.53671873259236 116.574869729221 116.61249252958275 116.64859579608493 116.68234485713764 116.70314185835639 116.70857778916317 116.69753161178949 116.65901199791436 116.55060731182697 116.3323640654839 115.99942839820588 115.66087536020753 115.29840990666285 114.90812094719564 114.49073642402644 114.04533546378009 113.56742822032864 113.05827603626996 112.52166887640018 111.94344297148304 111.28546847566405 110.5369456405206 109.67621205328086 108.7974203045854 107.90975709802814 107.01325844252125 106.11052561316288 105.20396419342667 104.29615030436777 103.38923142315602 102.48576210453557 101.57568843317603
116.21543386965233 116.3381003705468 116.43937343453369 116.52333320939582 116.60315847830614 116.68055949577905 116.75640777750672 116.83177132753161 116.90638653908485 116.98371972816041 117.04962786681057 117.09061495398866 117.12781615781529 117.16169767101503 117.19337148580608 117.2128094644175 117.21334225683789 117.19461976843557 117.15175866345032 117.06970862988436 116.93633349789852 116.73095858600766 116.42317617562391 116.07662121415335 115.7077233627259 115.30055119320535 114.85747450007473 114.35875613735132 113.82622149809896 113.26917232133167 112.67599969152039 112.02835952815518 111.33681201316539 110.56523987656492 109.73288504567932 108.85155916936654 107.94649788968285 107.03723659174221 106.12423124350784 105.2091382461701 104.29375613358997 103.38001084695094 102.46514617221412 101.54066911705142
116.882312949467 116.99767753819148 117.08724787701313 117.16209726460355 117.23294949401304 117.3019494594814 117.37116973663804 117.44008655065454 117.50822952941827 117.57636210888896 117.61829824854911 117.655591777135 117.68867250455077 117.71777267560977 117.7408403572827 117.74355328914898 117.72450731856048 117.6815822888151 117.60835036520584 117.49987308694323 117.34810506194972 117.13740392123358 116.84648767899752 116.51293244665911 116.15969070671207 115.73221770316789 115.19989034876016 114.6296878940617 114.04422049599621 113.43090512714964 112.78019347974646 112.10610492730915 111.38993069819752 110.608408420413 109.7802188243524 108.90983496133843 107.99875594709249 107.07424664571587 106.14875968011289 105.22293673138742 104.29812007562408 103.37552169483305 102.44382032551033 101.50268838477696
117.55770707325205 117.65605484838612 117.72893932863754 117.7969072552226 117.86225617320737 117.92766721693526 117.99318550492964 118.05822223018623 118.12198047181558 118.18047121109326 118.21386830470054 118.23783937729321 118.25875598998553 118.2790412548064 118.28975164809778 118.27638793439979 118.23843337226 118.17418509497116 118.08026998782913 117.95152411608568 117.78250475658734 117.56105850737364 117.27044277827409 116.93877602932004 116.60548465944743 116.07740222588718 115.45186767226934 114.82794596813739 114.19299646942372 113.54325954080294 112.8775807832608 112.19376919396083 111.45897621728132 110.66974630074296 109.83916475308794 108.96941213363155 108.06054605948403 107.12292594236074 106.18292063772088 105.24390629633722 104.30755243723576 103.37183232597012 102.42279464619375 101.4645048347637
118.23166427130786 118.29693511407193 118.36132324979387 118.42525453524581 118.49122692941847 118.55643066544756 118.61943970076746 118.67915985271902 118.73435773894161 118.78550587204117 118.81362115777699 118.83150673285424 118.83951742243075 118.84664361552967 118.84377376032832 118.8155776209478 118.76202303255127 118.68135895034537 118.56820554826126 118.42095192793943 118.23489406451887 117.99889993846209 117.69976757805344 117.33592305908145 116.87771288230151 116.27694300043176 115.6276159712944 114.98240873474232 114.32841072035063 113.6637009580804 112.98759160719982 112.29228798205429 111.54625002324273 110.7499208771741 109.9142488183811 109.04058079562625 108.1280496220594 107.1815839440822 106.22579003884742 105.27107929228502 104.32060472117286 103.36926231852149 102.4028485603543 101.4276494412737
118.85642746017777 118.92355511095552 118.98814516161717 119.05821337257703 119.12686980152914 119.19170762428597 119.25188154760112 119.30702112327174 119.3569207508678 119.40144025498317 119.42150061146643 119.4311712042099 119.42951636207687 119.4203640582016 119.40532379113544 119.36499885085001 119.29865945113842 119.20189761407761 119.07019601732135 118.90473982412205 118.70018345488451 118.44516511279932 118.09001988919735 117.6417329178639 117.1066854399283 116.48093068101804 115.82158170491368 115.1576459433947 114.485756780158 113.80416394363081 113.1116213800793 112.4042115644798 111.65248096174427 110.84978276039277 110.0076485199354 109.12752017073643 108.20804625717727 107.25059515191661 106.27724582947945 105.30409990921096 104.3360894814843 103.36796818696982 102.38396901067033 101.39204589807031
119.4559901847601 119.54589611844756 119.62543507320068 119.70254774771068 119.77297260350977 119.83708874071337 119.89491304120807 119.94616595640788 119.99048512412772 120.02790200344499 120.04470903499447 120.04074794478949 120.02845852556005 120.00080823891763 119.97377153232033 119.92434319382832 119.84802175429647 119.73499663773805 119.58451241609112 119.39923355885033 119.17201135485307 118.86486827433845 118.43280872319698 117.92270562762391 117.33527163459738 116.68811135499935 116.01914174099097 115.34029093135422 114.6538772767303 113.95818713261993 113.25171009892841 112.53193586657598 111.77692657514075 110.97047894601799 110.12125456167429 109.23308432623057 108.30465580297431 107.33317229881828 106.33955530260366 105.34372379847068 104.35329893325256 103.36731582244903 102.36535293946126 101.35706888491877
120.08910041004411 120.18825894966403 120.28115393462383 120.36084625847099 120.43139556113766 120.49412745614356 120.54927658776529 120.59653452125269 120.63530178734217 120.66498386213206 120.68202672024296 120.66834521611214 120.6402194812632 120.58996712751618 120.54567612974724 120.49146337234761 120.40892185909566 120.28072119616726 120.10938044754765 119.89918941140876 119.63726706390185 119.24692126037856 118.7567447979622 118.1948013147714 117.56515470719833 116.89995706263974 116.21789402086384 115.52781337947643 114.83024778652423 114.12340811588116 113.40564024010774 112.67451769255206 111.91817743268666 111.11279123680673 110.25712259025073 109.36000513981733 108.4208631931678 107.43563883106364 106.4196884209985 105.39356816444237 104.37305430360699 103.36561258963854 102.34522971870933 101.32570281654633
120.76744195465434 120.86709491275161 120.95286147677287 121.03202086924338 121.10170338331305 121.1627567863622 121.21526590396351 121.2587618714714 121.29236406743244 121.31489143933148 121.32559846257625 121.31697375455057 121.27346922612656 121.19308352945933 121.12280159093157 121.05957144638252 120.97846795861882 120.84039116862432 120.64139929580902 120.38983805027169 120.06761600756698 119.61465524296045 119.07043323726667 118.46034304820927 117.80201243035799 117.11640848665752 116.4182072295312 115.71941463393647 115.01397817558214 114.29904180038315 113.57281663281887 112.8325453124885 112.07332019103201 111.27215733419288 110.41712280778995 109.51137399190543 108.56038392272447 107.56107145245295 106.53058030040627 105.46750174092004 104.40345146773113 103.35900944204539 102.3214384333068 101.29805412326341
121.46488220942204 121.57420067854193 121.64576031267411 121.71824302581247 121.78537702474111 121.84435282962336 121.89434686830201 121.93452663574656 121.96365594752533 121.98013239095533 121.9823553185536 121.9698518586658 121.9292904686793 121.82255765274512 121.71909355903789 121.62653556349217 121.5406767525572 121.4172475312701 121.14142175545871 120.84067878474006 120.4885037862435 119.97549523334109 119.37542937580191 118.72543924027907 118.04178740221683 117.33463924999465 116.62060646649975 115.91394367606117 115.2044613626744 114.48482970268485 113.7534858686325 113.00711027214645 112.24013002831552 111.4423729617476 110.59296699501787 109.68819609840017 108.7280400679887 107.71991083187137 106.67341496188371 105.58460891246625 104.48889590391919 103.38540129020645 102.30380621812027 101.27168006033403
122.17067242724275 122.28834151624699 122.35547543431004 122.42279949229622 122.48583202417369 122.54180730345233 122.58906412271082 122.62620014677506 122.65185112920264 122.6602333671697 122.64299974903386 122.6025569963952 122.50962451421142 122.39683122515456 122.29239836892758 122.1870458579113 122.06127978879593 121.8916244495341 121.59897910561068 121.29567301744918 120.91724273360533 120.33084776515544 119.67064326010636 118.97800499941924 118.26699804075832 117.54191998398035 116.81833723367262 116.1037768242619 115.39477920678456 114.67819604438775 113.94789296534614 113.19979213771758 112.42757942658216 111.61736544974221 110.76682352472366 109.86979969170793 108.91665993022133 107.92406796779994 106.84179719763472 105.72738490543632 104.60253747079223 103.4683623666686 102.36657011704423 101.2828123004366
122.87465728982478 122.99978681359983 123.07790454239885 123.14210052176801 123.20223592987664 123.2557871014216 123.30092516581762 123.33629475167014 123.34686519790765 123.32344685869826 123.27388347988548 123.19450715635537 123.07242217558917 122.9533914088271 122.8365275927409 122.70858751895449 122.55891451292902 122.36939902006242 122.10840382541133 121.7643939019688 121.35182180520847 120.65106967328283 119.93480326753293 119.20985489194518 118.47728537951528 117.74517312947576 117.01534826696451 116.29099125650636 115.57602460656508 114.86647582710194 114.14834297091416 113.41195577322723 112.63989707915414 111.80967251378763 110.92717043454942 110.00074749310679 109.0569378314826 108.04977460250159 106.94209387490167 105.80801025010864 104.67243527619549 103.5440623013232 102.44571828173362 101.3569582080166
123.56492188273481 123.70234432548752 123.79589249938624 123.8743716833362 123.93704159576055 123.98913343148398 124.03333307088155 124.05608815966114 124.02819306496573 123.96813686428075 123.8807091404285 123.75925882648212 123.63270675815745 123.50994836078613 123.38359449596173 123.24458142923011 123.0837868909163 122.88411942228576 122.62489583695633 122.2800446171027 121.63857119017132 120.90247947395493 120.16638835236152 119.4290483909808 118.69119623935073 117.95383693289018 117.21821665814284 116.48592825151856 115.75909157612459 115.04153612114831 114.33279616550611 113.6254373060426 112.88190515399263 111.9725371749552 111.00969666736718 110.02879211072145 109.03385512467551 108.0063526259751 106.94091379002934 105.85330171746442 104.74107691367101 103.61608246705633 102.51760122554367 101.43286496026832
124.24976638576386 124.39244982267932 124.49834745763317 124.59353435964768 124.67758504546039 124.74439903063296 124.78992206417263 124.76546972392785 124.68569264273448 124.57894404924959 124.45103853335291 124.31994991781573 124.19150803897658 124.06558630947791 123.93532872655653 123.79323729732108 123.62983061587175 123.42408964561618 123.15077942534373 122.59743079099387 121.88619161791304 121.13941914828254 120.39650395439125 119.65338279838613 118.90977657162851 118.16626568988423 117.42383333294165 116.6838660975875 115.94829920544308 115.21989314070873 114.5026883764849 113.79287466577519 113.00131554104571 112.03126852419345 111.04146669809332 110.04119298409348 109.03110115913768 107.99771810190812 106.94192220773171 105.87056541493122 104.78386434046608 103.68182924193027 102.58156794267121 101.50047410145358
124.94150515956221 125.08378108431963 125.19708923471644 125.29421598395984 125.39130973894481 125.48797821600405 125.53236650296282 125.40631951581439 125.27259628557778 125.13973817687295 125.00819390261103 124.87797120339552 124.7493566745381 124.62126569306898 124.49085766152851 124.3508341219836 124.1906767124775 123.98112746372097 123.56252258156 122.88018892931038 122.13663995264321 121.38311103443247 120.63238459077661 119.88260077111836 119.13245432434691 118.3819813491729 117.63178958171373 116.88291958570596 116.13691264825806 115.39599200077218 114.66326229832909 113.91032165490356 113.06518648224008 112.09305850351643 111.08426797193472 110.06867662783506 109.04605454567837 108.00901234982584 106.95636737808994 105.89207200704394 104.81670801523039 103.73008492521848 102.639624741863 101.55765136865062
