nni.asc
NCOLS 251
NROWS 251
XLLCORNER 2
YLLCORNER 3
CELLSIZE 1
NODATA_VALUE -99999
[rows 228 to 246 of 251, columns 44 to 87 of 251]
79.18658875787106 79.23004295589705 80.21654276726946 84.68425395757251 84.38282595947929 82.69194301117736 86.74816233376546 83.34911287964073 83.60805573090208 83.86525646539138 84.12900465250537 84.39903221986756 84.6735929927555 84.94996352298526 85.22273175106076 85.47315274649472 84.83524994416838 83.2402174864737 90.90985061949402 92.14053555153448 92.9770836698132 93.79710897903978 92.05385307627206 91.90619963188468 91.72453619869093 91.50645093934953 91.23954629419035 90.91817459420754 90.5154239925927 97.21719725182679 91.11423268651774 91.48260302275017 91.90171554794271 92.34357138922667 92.80090417884564 93.2733862143662 93.76585409079628 93.34501386443547 91.32018835926863 90.52986896071468 95.59597891535903 96.04109004051207 96.45590639384663 96.87951288405746
79.20458385947613 79.52965491319452 81.01209175788769 81.56651011258849 82.06917476960817 82.20585394834819 82.64387463611659 82.8511644684401 83.04093358077006 83.27292642850283 83.51812791901284 83.7739600968058 84.03808444025502 84.30834136150875 84.58229556720073 84.85565186339323 85.11057290159846 83.2980032539732 91.24974775305584 92.31772611124963 93.04098198116066 92.39974482218301 92.31916510200705 92.23032079950245 91.96340482821613 91.5852235570703 85.08049896740921 85.00594069943834 86.94778025045584 88.79407229460799 90.03421941461445 90.71408473038967 91.12019074512544 91.55828401323244 92.01582398301181 92.4975619500402 92.88464199674155 90.52533121803395 89.74609418060398 94.32704217495062 94.78813933518913 95.2307406016114 95.98412006550032 96.03207245598188
79.3345585705292 80.37167924685731 80.88219073307322 81.29122753133726 80.9512631778432 81.8776426249171 82.08096117845955 82.29081367717693 82.5192824502875 82.7484234085642 82.97921769569737 83.21174376351986 83.35864192477547 83.6247332886313 83.89592927719823 84.17075350526802 84.44631973919246 84.7022747591891 91.52653098839095 92.5187904707038 92.37046579967316 92.18466317370661 91.9396390148531 84.84553103213014 84.85389570635496 84.82440753631715 88.02918107279807 88.31985329979219 86.68243678992515 88.96010504875714 89.16184202296527 89.90995944919112 90.28842243352227 90.73638157987361 91.213783303346 90.17531633287943 89.13252881429845 89.75570183401318 90.11202006711758 93.52516836008327 93.97973764009889 94.42108044461489 94.84930205812843 95.58496086575943
79.69210151833492 80.35034198965914 80.40366198497951 80.73829256189761 81.10816622086199 81.29994415497666 81.49660924868374 81.6985655219762 81.90574478882591 82.11803355694774 82.3353965799641 82.55630677841317 82.78093003224093 83.0100829309203 83.24501616760108 83.4873993539094 83.73935768391213 84.00501365165594 91.80661554493682 92.29517369078732 83.2020915327094 83.85270546967513 84.166854487912 84.34702807893235 86.44614999999803 86.8022512632269 87.17070941062151 87.56665106589122 87.05389208968481 88.7772814878616 88.86321024910416 89.33387882047319 89.53267304609302 89.52105448463473 90.31313830987301 90.89854134526281 91.36664454983112 91.07468621280123 92.25826886370274 92.71978540186379 93.1702983054519 93.61079205229646 94.04088696947106 96.954529328575
80.43570860413047 79.93896951297498 80.12831636403328 80.33892288225704 80.52077167489166 80.70695884350542 80.89789997729072 81.09344203297067 81.29332965230469 81.4973374886625 81.7053141588309 81.90057977947525 82.11427908387483 82.33292608733431 82.55743266324598 82.78914819206067 83.02981178637042 83.28075346985328 84.08382312463056 83.84281959900888 82.95026165705623 83.46076407047394 83.7229272093958 85.23665917916014 85.5826696886598 85.93547133470534 86.30123696063578 86.69612182555036 87.53067841086472 87.40222888045079 88.39667306305495 88.39659634453888 89.44550947230778 89.31066853946847 89.77852813142236 90.04592716475487 90.5578449716786 90.98904149634062 91.45486000695158 91.91053119865768 92.35807299797163 92.79774095003609 93.22885872233662 93.6498054676247
79.82397200175349 79.41782696237125 79.57364694755599 79.74522445444603 79.9217143381622 80.10318319178074 80.2891966164371 80.47928652204804 80.67304222778604 80.87012727260853 81.07027895094046 81.27330500567516 81.47908204050695 81.65357963182485 81.86658269284543 82.08540096681834 82.3094419726012 82.52766324230545 84.37425999958901 83.07917549943961 82.98169221193989 83.71895395195523 84.04727563389383 84.38146399768692 84.72051739337651 85.06634095254043 85.42523494486072 85.81601110890297 88.03225464959222 87.51822588846618 87.09145595967689 87.53400956722658 88.88610930651139 88.8697927257365 88.71444917819917 89.85609685787301 89.91833545207257 90.18567192397775 90.64301449692302 91.09402110961332 91.53900150828845 91.97761892102932 92.409051214212 92.49004154366725
79.43987301564981 78.8165845817728 78.9756157003477 79.14177179936988 79.31411516521547 79.49157678768607 79.6733166162063 79.85867840231595 80.04713868023615 80.23827093247546 80.43172099620881 80.62718967458166 80.82441998069703 81.02318750852105 81.17226655751583 81.37615600154 81.57814368183139 81.73763259185799 84.48192007937291 84.6757575954364 82.89788027739957 82.26824276930186 83.212406030769 83.5341475580175 83.86154945007635 84.19528460406683 84.54146450945635 84.92508449630736 87.01243863334824 85.78190295696601 86.25757438940083 86.71208531220616 88.57980865019717 88.94332627866662 82.71260690771545 82.77036558957428 86.05788118795233 86.48936863994764 89.80616947456294 90.25666569121663 90.70073818809954 91.13872227071828 91.34549232610087 91.07919334960539
78.07376315620965 78.21466709903112 78.36839735671977 78.53099424900493 78.70007017973724 78.87413330172762 79.05215656775997 79.23337843963382 79.41720062122752 79.60312978995812 79.79074093558596 79.97965183729974 80.16950320777299 80.35994122860099 80.55060018653614 80.66276410599667 80.8387659063988 81.9673402397917 84.50630787587211 85.06003621711362 82.42760551061396 81.85871494979759 83.01898119708216 83.07725999588398 83.12674462802084 83.32253877323296 83.64592596614075 86.87980825258892 84.46159109238953 84.96312272749185 83.58642425396962 83.87283205771428 83.95083592861742 83.8630140725303 83.66037591384472 87.6991660123421 88.1357417322361 86.11517338127753 86.58894944986712 87.07332191168206 87.50578228292215 89.76351940046625 89.87762420376761 89.93040249368364
77.06977534190169 77.6453752060087 77.76774024360664 77.89992523849848 78.08103757603679 78.2522417641216 78.42703736651563 78.60461961514 78.7843482095696 78.96568480200384 79.14815239663068 79.33130609396184 79.51470925802523 79.69791125575489 79.8804236700175 80.0616919136726 80.24105936447548 82.26248699609437 84.42915237847025 85.48189860196726 82.07196229564823 82.26822947727419 83.1173453778425 83.3287695845634 83.36214353798643 83.26944642025988 83.14496241110052 84.01605069883959 84.36564301808654 84.17126138426815 84.71826776784272 85.26578725649529 85.0075221587525 84.72201652378769 84.52566529793322 86.89201804936238 87.32343636613946 87.75310696311553 86.168620126035 86.66604581054808 87.12713067885998 88.43769573595274 89.31993500571394 88.69813337791527
76.94953625921431 77.06959276692353 77.17884238587821 77.30251054287415 77.43583539798581 77.5766103497375 77.7236586135755 77.8762904742762 78.03406274725978 78.3266469601767 78.5045515159998 78.68261102038247 78.86033177151995 79.03719192980323 79.21261414130404 79.38593167222173 79.55634275919564 79.6933451258923 84.12900127857112 85.93184700298278 85.06212462166128 81.62638752158739 82.06147703451728 83.23826766606132 83.34642731066604 83.13661123750282 82.09088907659259 82.4588575409447 83.20112138589032 83.36128232131512 83.857548142078 84.35828751911899 84.86737418627874 84.90834230193444 85.66714198359955 86.09611406940367 86.52257295122399 86.94586221128937 87.36568504237377 86.21190205443229 86.68840853196818 88.76024868113488 89.1964309014036 88.85581737096936
76.40064969899541 76.49977415938439 76.59585910841592 76.71042633995171 76.8370742181302 76.97269783287464 77.11563700427872 77.26494227707325 77.42004218157908 77.58057400789774 77.74628702954428 77.916977117972 78.09242850680162 78.27233903144699 78.45618807708216 78.71349730005859 78.87622876914227 79.0168732414051 79.10146806185503 79.31971172699822 85.20140775478032 81.69179510674105 82.07722845296709 82.82262969245431 82.69035915239367 81.15189926199031 81.38185781458319 81.76106150359185 82.23997866436659 82.60649928636599 83.0731992597573 83.54678480450721 84.02896647092398 84.5077845399878 84.8872219267743 85.311271117933 85.73284787039415 86.15036535536561 86.56200510081058 86.96566850526267 86.24996340050333 87.88693880611922 88.33374468124856 87.9894457017826
75.85015624262721 75.88671305245114 76.01429534149196 76.12001894087693 76.24015253296926 76.37081350809916 76.50988777026107 76.65616280501659 76.80891816865737 76.9677164096956 77.13228917820318 77.30247161530248 77.47816236308076 77.65929719765569 77.84582878059024 78.03770556872973 78.14280609354273 77.764296521531 77.44887821111169 77.18878123185496 78.92717443091058 82.4787074979952 83.2474860037832 82.48375093502031 81.20852628666638 80.38914655957157 80.68475309514426 81.06358227561209 81.51043721204799 81.86372629045937 82.30871339608227 82.76370706607524 83.22858316397692 83.70488910431787 84.119975809014 84.53892189687102 84.9555636084602 85.36757679682864 85.77201128649514 86.16461202912386 86.16107381724576 87.02176457090992 87.65562497263272 87.92081913272736
75.29657258839305 75.30788736157596 75.43186046239904 75.5290519207797 75.64302308172321 75.76912386993519 75.9047949619077 76.04856267856721 76.19955111418616 76.35722954507332 76.52127370296937 76.69148469872158 76.86773685925738 77.0499363719506 77.23797217626792 77.43162307796301 77.63412973608175 77.2772326899422 77.00838326497762 76.90391805753929 59.63868832285911 75.08045247272882 80.2962697407702 80.26492186355168 80.29000433667484 79.68052290570898 79.9948832182034 80.37053354185777 80.80210951858052 80.92362612607319 81.55352050157931 81.99332643301177 82.44588310165135 83.68363568277493 83.38859882128035 83.78358950313826 84.19570930196491 84.60302918229337 85.0014218483221 85.38440197730945 85.49942147266331 85.44255416906941 88.49392787911088 87.1768277947789
74.73607078120793 74.71116203270479 74.84732075673136 74.93600355971502 75.04415044557143 75.16618888655874 75.29906743014563 75.44103673416208 75.59105726078542 75.74849071254721 75.91292541486932 76.08406287108393 76.26162103453862 76.44520996850805 76.63410067801385 76.82668566152115 77.04417206286035 76.79524076224739 76.78366259735203 60.6389635771891 60.649471400362806 75.10450631035592 75.02798350319357 80.51799699190671 80.4666464805621 80.42187496898414 79.31741420469078 79.68964081961208 80.11192167675263 80.38432451554486 81.1559649074086 81.23047811466877 81.6736314332562 83.74500972741518 83.4695608131658 83.19280133299306 83.46750280327986 83.87657162680921 84.28076511042136 83.59717261374429 82.5194900251902 81.72202435089024 82.5565004522932 86.37066169812499
74.15721508424265 74.07093285525923 73.70547129173725 74.33973648840346 74.44225005264441 74.56076665822083 74.69160444821158 74.83269081411775 74.9828015023532 75.14116855182019 75.30725004581292 75.48055765327058 75.66046525155548 75.84589517674179 76.03466162727307 76.22452238178586 76.39030166950931 71.6856697209361 61.639278871685576 61.64978674596485 61.66029463529338 75.13460837190533 75.06297062596714 74.98775313269446 80.84006572994987 80.74297584941463 80.65525508093052 80.57130892150326 80.46038396549544 80.32927348498976 80.90871509889584 80.47384097087922 84.83548210531463 84.32870636704651 83.9227872457188 83.59868667746666 83.51509355757487 83.36089995133717 83.21749739159706 83.6716303468777 83.82523464901156 81.73344399549522 82.59017013155592 82.26085445404003
73.51610431644501 73.22540798377408 72.68201812058207 73.73936320268807 73.83611276438056 73.95166169531659 74.08139146546681 74.22279893681407 74.3744263473382 74.53532972094456 74.70475487501375 74.88185492304733 75.06530723197409 75.25260214017315 75.43848586088959 75.62770259165762 71.92825223817252 62.63963417727004 62.65014208733324 62.66064999960682 62.671157912409164 75.17673828206534 75.10585662339986 75.02153138341811 80.55147316426172 80.60390406778222 80.65544823982329 80.69464530672008 80.60767331492607 80.48754912612952 80.1094751432712 79.2754376796758 83.36820486024155 83.33534187817102 83.31347965897031 83.30965650842364 83.33574731429222 83.42005259592345 83.42833562500289 83.191528021717 83.63649926638993 82.91519601180286 82.58582031639135 82.17971112534184
72.46054169057679 72.03239706642603 71.8373442238319 71.71406929264553 73.22445889544693 73.33756525277744 73.46739736985641 73.61079398110229 73.76595628329116 73.93165791253936 74.10674784385279 74.28964758411905 74.47756313654814 74.66492233226863 72.0707664173826 72.17557932190472 63.64002949265294 63.65053743110604 63.66104536623041 63.67155329890594 63.68206122983548 75.23768803891831 75.16265212035262 75.0686387848359 74.95387303076664 80.18938088723158 80.45766651236605 80.14334793801966 79.48137109147845 78.26574855535739 78.6331891031794 78.9327809655117 78.86665116129032 78.1352772341716 78.80747458029748 78.86587531359426 78.82694981557687 78.7962876855687 78.78973571828841 78.81068418276266 78.8547346284537 83.19053215985814 82.85315060195465 82.73199476641346
71.62152629788082 71.57920901208604 71.56199491504721 71.54240377870943 72.6058039973569 72.71682003789721 72.84843584408792 72.99631653624252 73.15807315441106 73.33193101865672 73.51587629363522 73.70666809601063 72.17407838485542 72.4129998077451 64.62995684590415 64.64046481973163 64.65097278238869 64.66148073922292 64.67198869239327 64.68249664265387 64.69300459032304 75.32924325979933 75.2452215135333 75.13721018626713 75.00241004214348 74.83869508952687 79.813623157571 78.70731700991682 77.13838183111287 77.47994755432957 80.92104082787371 81.70658493831534 79.0151317134602 79.3818654113122 79.76699348102929 80.13594892318888 80.49101803674803 80.83048813703145 74.26900146144655 74.89233871462993 75.32697568278823 75.19125429450276 75.2482371722927 74.82654762496341
71.62389385966705 71.54071903663751 71.48682551788058 71.45304706276643 71.43413932027582 72.08696714442372 72.2229140754146 72.37942224345385 72.5528507590481 72.74011467905775 72.93699131403434 72.72057070213569 72.72950740330813 65.63043216484891 65.64094016083523 65.65144814513717 65.66195612262123 65.67246409579145 65.68297206576746 65.6934800328739 65.70398799694247 75.47537775875664 75.37732612806715 75.2488879210886 75.08512759457886 74.88187820854505 74.67459720018493 77.1709249900359 76.36172779577967 76.7483129516431 78.87082816597483 78.08141062640462 78.30864409911611 78.62544189088106 79.020322020012 76.5188325739671 79.81326382828634 80.95406802337733 81.1101675645632 81.38023409343087 81.76081239282321 81.82579253133285 82.24839674069696 82.66161761475577
