nni.asc
NCOLS 251
NROWS 251
XLLCORNER 2
YLLCORNER 3
CELLSIZE 1
NODATA_VALUE -99999
[rows 114 to 132 of 251, columns 44 to 87 of 251]
121.47283519373958 121.81929457305593 122.2239596364195 122.67906074378804 123.12763884205486 123.58730552538393 124.05614915474993 124.53400642359192 125.02240706093953 125.5251241328548 126.05052491928147 126.51453042529768 127.11453738575105 127.55902448009141 127.5551369895877 127.102616528844 129.68089332976274 130.59500352132488 130.19281511149222 130.74920560768348 131.30547883325735 131.86368683924235 132.42630960414508 132.99711893852327 133.5827943039274 134.04657847442553 134.6282531853847 135.1985305925324 135.75775965507827 136.30513925675655 136.83820647880623 137.34979091686307 137.77994787054357 138.2915197911805 138.71748271887105 139.05814862714945 139.19699607922942 138.07608010897238 139.9563494021327 139.52777758728234 140.6261760961546 140.40473569388575 139.88723176355572 139.73709756230326
121.4253872570953 121.78139711964964 122.22036979230894 122.67856435468846 123.15048111212137 123.63202846821777 124.12152665621709 124.61903406611226 125.1260766573605 125.6456560396428 126.182180131326 126.61092648198765 129.28632261233466 129.56268962936988 129.32643922053552 129.39573690748776 129.30685403551522 130.12959428556334 130.38381177232193 130.9442166115085 131.50442191608226 132.06616817728474 132.63155139951022 133.20345727543597 133.78639059151317 134.38814710424467 134.84049599607565 135.40940986875515 135.96731429646024 136.51244288636877 137.04080672907693 137.54090165099961 137.35544212752666 138.48251824953425 138.8983256796595 139.24623045293305 139.4754778709929 138.8355333826594 137.79230265694036 139.45273076276132 140.63551978637847 140.5150703339337 140.12360020464348 139.8685518307815
121.36484496654003 121.73695525521921 122.21111165180494 122.69703808436917 123.19475317609006 123.70053264486685 124.21329932456051 124.73376413764753 125.26409636112952 125.7604040490571 126.26907010301838 126.81370210808869 129.9835249904535 128.48779592747158 128.53137050376694 129.1021195666373 129.5691676223336 130.1173969789363 130.66259658709996 131.2081532499862 131.70777536488302 132.27189951605678 132.8395512176143 133.41294462434934 133.99541999147806 134.59231912664384 135.21279634676904 135.61938435321196 136.17825983955302 136.7238324961161 137.25002936955573 137.7553286945528 138.22083287958327 138.67253223125417 139.07422081541887 139.41475157031587 139.66307046022837 139.20593764122702 138.53449888282645 142.5172023180138 141.54596054593858 141.49809651746997 141.43137980906081 141.32275387547676
121.29229822878371 121.72082171156435 122.22120929749983 122.73845415212924 123.26468864781376 123.79720932589935 124.32178227589006 124.86281791271183 125.397118613112 125.92614971688458 126.45590239667845 127.00778369534065 130.0601272971547 128.42048808765233 129.00689697536075 129.52168775181784 129.8289077208307 130.3659157869324 130.8964593986599 131.43221828442063 131.97118692068236 132.5130416244828 133.05119849896647 133.62599361967355 134.20884765432203 134.80376251666735 135.41720883680526 134.57711077754087 136.47730871701557 137.04148883803538 137.5619212542181 137.33196021070424 138.4260808693642 138.85951695467418 139.24212942744478 139.5647566433251 139.80300169851233 140.29667497790496 140.64898334193163 142.1031777523397 142.06474662906234 141.99292357292586 141.3386995732962 141.28432652916234
121.21293788223231 121.71782440566486 122.25938849992046 122.8115877923751 123.3526898801883 123.9169066426437 124.47471944920254 125.0262450949234 125.5726295782767 126.11719548028292 126.66851912088862 128.50555768220605 130.35101382212457 130.1994738145326 129.1987484097344 129.25682871468462 130.0863088915222 130.61049119168518 131.12723789937542 131.6534924858602 132.18567385846455 132.72250592317448 133.2634517660259 133.8082901729846 134.35697811191096 135.0205432270378 135.2690613820107 134.47864493036627 133.79974422587603 137.2407581220172 137.22458847809065 137.00647578493863 138.62920979066075 139.03876940165333 139.393964994337 139.68529716023357 140.0947536823997 140.45353949020435 140.7847910828145 141.74443049731644 141.65986471666923 141.5316654294197 141.5195498863057 141.55597763294838
121.30778166087437 121.75091818765615 122.34384647472696 122.9308426164956 123.5110577106999 124.08450647352778 124.65163659067609 125.2134916022503 125.77228305721518 126.33260166028144 126.90259600805366 128.5237512106246 131.11797027934963 130.27035107359913 128.58466657047273 128.8667204229754 130.34151927307573 130.8496924414973 131.3533510297077 131.87053139146948 132.39625179024887 132.9283291537223 133.46564984038636 134.00761775764443 134.55394742540045 135.10458170015633 135.6596587738762 134.28701744792014 133.78714226246387 133.29750869449106 136.97335014238195 136.78266210099576 138.82499246478656 139.19771238658177 139.4829763517177 139.88294974493255 140.2538293696153 140.59919285517842 140.91967919598284 141.4854844982594 141.4146003255485 141.58276081734965 141.73198896821174 141.860600345136
121.31126859430807 121.91740794220522 122.51801466204856 123.11169396951298 123.69865352527704 124.27944231478797 124.85499162977732 125.42693171318916 125.99817995257118 126.57356375225977 128.56724060082462 128.54482543124155 128.9668305779277 130.70307301110466 128.2858012618568 128.6036547763199 130.59439970166392 131.06740851181073 131.57312665606585 132.08176818169 132.60153216063148 133.12930679194582 133.6633822299027 134.20276826396392 134.74691253154035 135.29558085969776 135.84881930518986 136.40696830198996 136.97070320549287 137.5409321215687 132.9411710724154 136.60145137666834 138.99227766462346 139.63730609143744 139.64879788320482 140.04098615345623 140.40382902854174 140.74207264780634 141.05610622197455 141.3427438054581 141.55617340807106 141.75518664791275 141.94118981195498 142.11383661213858
121.79828129196301 122.14896841017384 122.73866951719044 123.33096222279238 123.92058992788651 124.50663064480595 125.08968774724192 125.67153885127546 126.25528816994881 126.84440201194423 128.58538348151117 128.58168271892194 128.62923899350503 129.14464808694507 130.4335458578889 128.4003328100398 130.8440396690652 131.29616742889763 131.78453229253435 132.28533364706763 132.79989879490523 133.32407980834668 133.85552128318278 134.3928112135394 134.93510620945048 135.48196068492385 136.0332649335127 136.58926547076246 137.15068737027988 137.71906422431692 138.29787975075354 138.9465841704343 140.38663105938645 139.68543457631017 139.79480686915662 140.18793564606565 140.5487918181207 140.8841300761249 141.1944948318776 141.47320205352034 141.71646324998795 141.9387365191012 142.15152952682428 142.35496858062493
121.62541464527492 122.31029340061096 123.02042950891398 123.59971867209374 124.18648729586752 124.7751801332428 125.36486808597672 125.95687774799265 126.5537875205201 127.15517467072317 128.61989391978932 128.3124500203766 128.89201884282176 129.4939821401052 130.0878780407589 128.2238639860117 131.08666561164586 131.51097828970993 131.98488655228707 132.47884315972308 132.9893801573462 133.51107167902765 134.04082754060113 134.5767784457368 135.11776822394748 135.66311071040948 136.21248433766294 136.7659241627451 138.37906596062626 137.90299882983538 138.41335160925937 138.96318951077816 138.70545356560385 139.92027849971336 139.9190274268093 140.32355686481125 140.6887196417881 141.02537277032383 141.33476373848956 141.60434469302345 141.8883643044647 142.12904414895914 142.36252792644666 142.58909646533522
121.91692925309191 122.58263825941982 123.20816864485205 123.93985487916662 124.51438793883898 125.1019278179127 125.6976761725716 126.3016119059291 126.91491111649412 127.45526454205655 128.69108529797427 128.53863151696555 129.1151961653978 129.71990077932054 130.36945561538133 131.16338806182904 131.3006630905021 131.69582806975038 132.1704507227702 132.6590995101887 133.16751457794268 133.68847273343422 134.21800439239436 134.7537479939342 135.2942222007809 135.8384742656422 139.35183853710674 139.54647821291138 139.69104040445816 139.09635745931752 138.48583591746117 138.99945968400644 138.62535028415817 138.32941302409603 138.0725712273501 140.44289353893407 140.82049257693274 141.1642284658155 141.4764052652507 141.35586868121226 142.0669429922518 142.32267784424945 142.57291976779982 142.81794426691633
122.17452997093642 122.82698937953828 123.44947985624417 124.06792963286586 124.68793294389404 125.66254202720593 126.19650657296563 126.7694146670117 127.31552106747512 127.62166434913719 128.9147834976497 128.73474407371344 129.296863761757 129.88390474082266 131.4309524680269 131.4230007558906 131.40445113097678 131.77658776821553 132.33581713679777 132.82166591375886 133.3313172659812 133.85445027869218 134.38601167251588 134.9231568408316 138.59168926281302 138.60989916996328 138.6521359941049 138.72396730938064 138.82000778387984 138.92691137187242 136.88414952052662 139.2622059472907 138.8804601360837 138.70321362387674 138.5658242230443 138.45398608739626 140.86067265276648 141.02917884770085 141.0710661400307 141.02397282961732 142.24856216167632 142.5171222745887 142.78194370420306 143.06407362549004
122.3880465724788 123.0335259318625 123.6571825031693 124.28243269620494 124.91379025977008 125.55082746398051 126.4695966522715 126.60562318742012 126.61324735831461 127.82693664732834 128.45695346036004 128.86908471968263 129.19301701010684 131.03576847386802 131.312137128847 128.75421657730638 131.49694106617216 131.8171515427257 131.29520882823914 132.960484742417 133.47814548033585 138.42961614943957 138.39486718567935 138.3690238166691 138.3578820999144 136.05058962955064 136.58321713464872 137.13512211167136 137.55026028522187 137.39649533205426 136.82841380008855 139.15377403756946 139.54621698946153 139.92368798397055 140.30780467378565 138.87713195220906 138.7790803905815 138.67790211474653 140.79302637801212 140.79070867124693 142.43050943761278 142.71171397157482 143.0404979594581 143.09112547622993
122.79481110072145 123.18240169180808 123.81454096331574 124.45356018966793 125.10278926555108 125.76274611591855 126.4296541033862 126.01433141412474 127.53867417721251 128.04670059506324 128.53873720954226 128.92437885383725 128.87414723842974 128.5240291963839 130.8742441593268 131.17262130652034 131.5033939997576 131.60014159196737 132.4073886277497 135.55919436135616 135.82924557932083 136.04145175710474 136.33799247239807 136.9751848431858 136.26698654355562 136.07996318620647 136.7014574043566 137.2394341723393 137.69884769406016 137.20573884385666 136.50673349842378 139.0142370404697 139.51071575078566 139.90528452486416 140.3004303956157 140.7000054318681 141.10422962488374 141.5127456981476 141.92472813750896 140.64099637483986 143.07684763933503 143.041784067779 143.0517996811172 143.08875781501425
122.65935591288626 127.91477437748382 127.89391295359002 127.85003849329019 127.8360499755872 127.91399430472524 126.13680068243028 125.81606571363882 127.88431169910653 129.23396062687507 128.7929904483163 129.5762537691939 130.78379261512637 130.41512864162536 130.76877487904432 131.09998846867833 131.06957361604958 130.80183991733296 130.8849847850592 133.93482483810982 136.11542266762186 136.1570276966859 136.2494173182578 136.57093418751862 136.69012638214886 136.1781734751379 136.80274560362682 137.31295613348303 137.5508399037979 136.5794192323695 138.80244411682145 138.89875545903843 139.44828194471987 139.86331665600136 140.26719583785126 140.6715595939277 141.07834505491286 141.4875611823257 141.89794412554838 142.28824750978887 142.63377732040016 142.92400981697816 143.21744506362674 143.5200289572358
122.67078489726994 123.26085156939085 126.72119270588604 126.16420067792819 125.17991660734491 125.87865226894772 126.60283829789942 125.66709589317131 127.86022225979478 127.47915576309559 129.11262036812963 129.6661843196914 130.0883897869666 130.49648875982882 130.89577706366796 131.2833443696174 131.65567956435527 131.9444042491225 133.37701406454607 133.73894997458146 134.900019598271 134.8397833021122 136.23262791008582 136.3395325617524 136.78697038938716 136.24223502415927 136.8833139941304 137.35087418032887 136.6773374069655 136.98352909473473 138.81359847583025 138.9106404928454 139.3568094406357 139.80247203261885 140.21718456714683 140.6263735414793 141.03479945497867 141.44256079321883 141.85268541039113 141.8907934574369 142.61407007628003 142.94330325516157 143.26687289753414 143.59344225175712
122.65853265504089 123.22361415782818 123.84457881744454 125.4620078104754 125.09476534171219 125.74922710400384 126.17436350677073 127.08915471792272 127.736876570186 128.3069847513132 128.9935171155115 129.5248256661532 129.99986260485386 130.45180642019358 130.8900469807321 131.31529403856675 131.7262408306052 132.1244999704409 133.42986394497035 133.46741102337242 133.9034387770564 134.208235671277 134.6409692270227 135.21712607050696 136.49166016548153 136.52687693304637 136.9450320685593 136.800856811417 137.58420567020525 138.11645571328236 138.8280119223799 138.9117856477624 139.21990321328337 139.7227647906164 140.15311073596556 140.56944923758797 140.99475119059622 141.40726500251475 141.82021273317346 141.89036457630502 142.58489330762225 142.94238378532526 143.29289698766974 143.64290377560783
122.63501649517973 123.18800954735653 123.78706498471787 124.4415973485333 125.11632531051471 125.03989974387098 124.31516811938278 126.94720183812947 127.41593324819254 128.2340146215826 128.85186863438383 129.39516360131773 129.90346075335478 130.38545995741194 130.85181607179962 131.30412577132108 131.74195261243526 133.50536345388517 133.50866805018478 133.55209328329093 133.52350300981263 134.12369934186097 134.73952938485135 135.34529104246818 135.91167455836973 136.7724689359521 136.98084626492405 137.36735183701632 137.71871493571967 138.04945154342934 138.84287962527205 138.91076824361676 139.08142970186665 139.58641873449645 140.07495760797724 140.5378901467354 140.95331486932014 141.3689176300297 141.7847563215145 141.89246469484291 142.55191484948372 142.9311565996876 143.30480513524938 143.6763308575047
122.60379037411785 123.15004225797685 123.73845574659629 124.37490669481592 125.08028359835768 124.47514753302069 126.43356673353733 127.65015881971833 127.39004684413017 128.1057724266425 128.71746325115245 129.27496687523646 129.81014679863253 130.3151059600028 130.80319351153884 131.27639699451575 131.73480265849332 133.5464819158371 133.61701362882357 133.63859782147384 133.61612609187515 134.1723381652538 134.76019119073283 135.38744769014033 135.94828688846593 135.36813014152358 136.78662742454543 136.50248339731908 137.00526156050665 138.6882962385734 138.85662701215227 138.90931340694502 139.00751957360237 139.65683112462773 140.07289840976716 140.490577985206 140.90929409361658 141.32845167319465 141.74764275681383 141.89673905957906 142.51549898016637 142.91247622043215 143.30620906634528 143.6972829368173
122.56935519025973 123.11354391786146 123.69993878284396 124.33382701051816 124.68439384454936 122.23929085517815 128.1534491097654 127.09419812806584 127.27401517944332 127.96835940778843 128.58728697657497 129.16069701742518 129.69996948847398 130.2443502254396 130.750476315221 131.24068601086617 131.71555383333973 133.5793098249693 133.57955515146858 133.74206755133437 133.67362879263595 134.25078259417222 134.80202478407486 136.5501781107989 136.89471643502836 137.10285327093146 136.02726092854 136.5081226198134 136.13273622114542 138.74500556044183 138.86853849581365 138.907868033084 139.18498218264048 139.60054922855434 140.0193140977272 140.44046716410952 140.86313050353758 141.2864259315642 141.7095349332386 141.9033053704676 142.4747193102754 142.88675268288188 143.29827027669208 143.70718405338206
