nni.asc
NCOLS 251
NROWS 251
XLLCORNER 2
YLLCORNER 3
CELLSIZE 1
NODATA_VALUE -99999
[rows 133 to 151 of 251, columns 0 to 43 of 251]
109.68113215072769 105.00542743991198 102.67090130731299 110.21673737141565 109.89609007827613 110.43810800907761 110.66149630561422 110.13197186969096 110.95405639058217 111.15916267275567 111.36108125256915 111.56248058025248 111.76372832311866 111.96470398698351 112.1650653536029 112.36425571829255 112.5756588856743 112.78445728209223 112.99741593184022 113.21654526450791 114.29097052421486 114.14112768372706 114.19786732336956 114.35836246157673 114.57272790293842 114.45835990435639 115.61795009652091 115.70601276060923 115.846002703766 115.79689427761942 116.0996724587809 116.4077380800179 119.21966863446579 117.34119415395158 117.51767511607322 117.98499302254203 118.46358932612786 118.95634026656604 119.46947758602548 120.01446587301189 120.61346360008729 120.74293223018162 120.39096946704034 121.62738990878512
109.59423597415403 106.15269517049806 102.78892677522414 103.59686082870957 109.60721397004158 110.98370336817352 110.18643871625468 111.26936189376461 110.68018567595657 110.89297825387095 111.10220432080314 111.3101120788737 111.51740023387211 111.72420849236235 111.93038101158619 112.13549952969858 112.33877779466113 112.56067700453893 112.77564021499381 112.99773866375091 114.16355707229049 114.19203795612636 114.24132393859195 114.3933786041201 114.34210507039306 114.19472330876337 114.18676802588277 115.86879409024449 115.48846395520344 115.59036704079057 115.88075296978751 116.19032587375992 116.53322387286632 116.92893437094615 117.35882631531517 117.84496159195999 118.34090092716112 118.85093534587715 119.38132622342448 119.94231064541249 120.52176945651478 120.47921262126428 120.28591294271061 121.47926765188876
109.52226204206806 107.51933114702011 102.95016065608607 104.27570484489067 109.56705407572976 110.3643603974863 110.00304248733418 110.28357859687964 110.47396034798992 110.62032538273111 110.83694077749153 111.05146440317303 111.26494834019626 111.47778582113271 111.6900239635152 111.90143097680325 112.11139675209492 112.31856912859936 112.54790377083773 112.77142141293768 113.89658529514338 113.93523132639598 114.009429068657 113.84991550430668 114.1304869600798 115.0895050080816 114.9992899646725 114.93596273090176 114.84535359629764 114.89539010672783 114.89339674508271 114.7967571061823 116.38005665288075 116.77918141145574 117.23573836123389 117.70599518536068 118.19746463442384 118.72168905366452 119.2852660242898 118.70568291098117 118.04738692556565 117.62769107375173 120.1986733853224 120.10689174160764
109.46614910637086 107.73320756030053 103.14494435714448 103.50634606452961 109.84953672214583 110.42375538043315 109.70836945555135 110.09704957424282 110.25406934006938 110.43339811134673 110.61079184521334 110.78185755490088 110.94452748472759 111.22492762807535 111.44305482391208 111.66075628560081 111.87774685263842 112.09312675586008 112.33723730112324 112.64615906673627 113.82063293381232 113.90027405095177 113.34403602600202 113.62482141608075 114.12060061505926 114.36010556002525 114.55568124378166 114.60780117278655 115.8823914287453 115.62996798787904 115.08998856309913 116.57162031242643 116.25986898460792 116.63403474768006 117.07174918921518 117.53448276151794 118.02093206345388 118.5481488871052 119.07695481447077 118.21479384598716 117.55480581569027 117.13549863877384 121.09211763946645 121.06540384882105
109.4262299748527 107.66529501438244 103.3432869183337 103.6244521829405 110.28336204797056 109.99906299602833 109.41465966561857 110.01666701500329 110.05067845208808 110.21503997330454 110.3930870495919 110.56987477540851 110.74019521165205 110.9012011087505 111.05101225953318 111.07569276177297 111.0449694342597 111.8565869629664 112.07977736419201 112.74396903843419 112.54996541403254 112.82926469203198 113.10707162419193 113.37144119314773 114.14704956291368 114.40722242210384 114.31066245406564 114.55097496098603 114.72890332236275 116.09414522689167 116.15003053240189 116.75661305456777 116.18124293235691 116.47235190982855 116.89632146998467 117.35128491210205 117.83635948764253 118.38658663529058 118.21516597624313 117.35164809786434 119.80033198098357 120.29059438317773 120.79949133617477 122.64624904349377
109.40231476661154 107.49740104102771 103.53789502201305 103.74476965043021 103.81735076618685 112.52403239014038 112.4704820666299 112.41655837982088 112.36219915944288 112.30752128521047 112.25269108118628 112.19789967961823 112.14331175465003 112.08888842354268 112.03370875535185 111.97269087118441 111.7399185815178 111.74625696607998 111.85316212321392 111.91548993345906 111.87813419215263 112.55360761851797 112.82669967991478 113.39813772614467 114.14365495808288 114.3532679745046 114.34708708582204 114.27428857936006 114.65187853988402 116.17730107909406 117.30923540427004 117.07732043107052 116.57279433381727 116.35606505716595 116.7081321713077 117.15334064560322 117.66023271720506 117.62781688973199 118.60276306008137 119.04825697633045 119.50824488742144 119.98450030153778 120.488876340839 123.21985971586821
109.3937499322097 107.28264019666658 103.7286150350191 103.8529278435964 106.05878787730144 109.15645719060628 109.25533451226293 109.4035877679377 112.15754756290178 112.09614969028844 112.02706209382379 111.95046324018165 111.86426810542322 111.76260308635325 111.62839932207697 111.38981811304758 111.24838585153702 111.35165506760286 111.51725733197065 111.72620776459499 112.11238952272168 111.88819520135668 111.67150808280188 111.53977991425057 111.44043408461455 114.25575803637025 114.40695269173206 114.29878816275992 114.25558750151663 116.25830195378292 117.54081425888074 117.38423189798338 117.235545559354 117.10118005816403 116.94871448874747 119.75668458286974 119.0584095503729 118.43213103171117 118.35024819604124 118.76921631795166 119.20317901137956 119.65530274744138 123.3429376051055 123.89700855869226
109.39947595405282 107.04218977013579 103.91491369773875 103.95473501560248 105.94554019427075 108.37688883141483 109.17507984755373 109.15440094078971 109.12131851459674 109.19371246600554 109.4042745563769 109.61990761618146 111.6438388247492 111.50716358962411 111.31192463456044 110.927025098878 110.91185372879113 111.02999996893026 111.20800972790045 111.43245477120867 111.76926893446445 111.86964107784144 111.55263490685269 111.42137276830567 111.3327888965146 111.26293274854527 111.20400156370216 111.15253525244611 111.10661100713878 114.25138939821656 117.22577693023167 117.1765419728512 117.1099160623802 117.01233242493718 116.80494593503204 116.52562047428508 116.34640143412987 116.2424678472428 116.16365359072635 116.10028736554774 118.88561499472794 119.29142876850833 123.86439480742067 123.17549224465674
109.41809274047367 106.7861128375587 104.0960204806231 104.05199650414924 105.77662952148977 108.58737706572616 108.8799488985743 108.71425049028218 108.6745151096498 108.87437028754285 109.08224995957715 109.29616803678513 109.5150254788479 109.73829784965979 109.96592583128881 110.8812201048238 110.66960415656465 110.74502189356673 110.90682572061573 111.12720612009794 111.51853881222323 111.40373995545659 111.2512064837048 111.18331553449201 111.13600586480322 113.05977257910425 113.13938218492443 112.67755616935158 111.97687362660298 114.35276236142231 116.75881831929229 116.72875719351669 116.59344120913507 115.55743237668906 115.07153736376794 116.47594711587178 116.88566732978153 117.07972347417578 116.89672206513787 116.67795572289904 116.50331978079365 113.6119134570245 119.52884695042628 120.13362473630667
109.44793464899752 108.3915535074725 104.27101449564172 106.52367757431014 105.34000049347823 108.43561925848712 108.47057709319438 108.22517887451373 108.35808108479132 108.55502529720516 108.76112018667556 108.9742372653057 109.19314268063026 109.41718436946854 109.64615635738856 109.8802851076586 110.12034595133674 110.36801183853709 110.60295154040809 110.82019978579861 111.62556726633602 111.43576170818069 111.75615655390816 112.07911536720577 112.4045049956327 112.73306548539627 113.0670432100847 112.61084321876247 113.70015331839363 114.02259535170178 114.35022222458802 116.00491191116465 115.18897132748207 115.38403503385943 115.47059886447595 116.12741573230576 116.5502873332024 116.9945393300161 117.22621652447431 113.42718242376672 113.8082943925461 114.85249246604089 119.22848788756174 119.83035699891971
109.4871530177022 108.74604631752464 104.43890467804594 106.63881022988718 106.85105933581148 108.5272608741096 108.8585332878407 107.86105384919819 108.04118382020131 108.23565394480836 108.44054132052837 108.65352015245173 108.87320982430894 109.09884860866016 109.33014607118696 109.56725420814922 109.81085338432709 110.06241216197414 110.28575104995316 109.65171437187175 111.24571509830281 111.11781615304729 111.43436609871499 111.75426242372187 112.07705730109582 112.40368775401535 112.73770062984005 113.04436437110961 113.36128098154947 113.68296070426926 114.00937976164563 114.34083241839208 114.70645785874429 115.00378686180187 116.24888664863376 115.76433721728455 116.21458053525397 116.65672704704775 113.81309145543919 114.22141267330313 114.7260444611161 116.86193219675283 118.9281438997669 119.52712533134434
109.53380183961423 108.73734041329962 104.59871850370808 106.47534531892862 107.86930078708629 108.56648082193796 109.01053504714599 107.54720691476268 107.72303524168575 107.91520494769951 108.11931515692795 108.33273989966705 108.55389707015352 108.78188804209458 109.01633410984681 109.25734471261369 109.5056254147707 109.68930232883748 109.91050912864556 110.09459371053279 109.55512374018231 110.80106444211341 111.11130861358724 111.4274876872341 111.74758221836086 112.07281196035015 112.38988485708373 112.69945704335191 113.01455645849488 113.33477524203376 113.65996256952847 113.99024749430632 113.96821675715455 115.01968975655541 116.31891475711869 115.71291003746619 113.89911549321884 114.50036313095812 114.97992690882998 115.33425283653982 115.74686791569476 117.33661513831348 118.62594441868664 119.22184890801812
109.5859214110799 108.74511794020464 106.39303173003707 107.70432598297857 108.1707777750751 108.57473966833047 108.93648464583941 108.83530849750805 107.40267699584281 107.59246136063882 107.79616607617614 108.01068261682428 108.23411831388293 108.46537098480823 108.70393691953858 108.949878637101 109.18573101315815 109.43334379159896 109.68037449947126 109.92456406195899 110.03119939982237 110.50101432452068 110.78829153869638 111.0985330609557 111.4157599785121 111.74144825624471 112.04103120337852 112.34720690032428 112.65972407922165 112.97797370906737 113.30169626332142 113.63099302029342 113.73531843410709 113.43283024169334 116.40823597605531 114.83256698761939 115.58321843672591 116.01067584508301 116.44681123398738 116.37266074072396 116.45607927535443 117.75517344084481 118.3210976132648 118.91355155009376
109.64161540557802 108.75597454777387 108.63195176131244 107.9030010202259 108.21248974438663 108.54601762026488 108.87267240552542 108.93723306758217 107.07927744592374 107.26620953964431 107.46988902890742 107.68637375104994 107.91324338813246 108.1490560607389 108.39309978972253 108.64050213903168 108.89165771037344 109.14609490625652 109.4064874885513 109.6769137581541 109.96483694772724 109.24967497012638 110.47088877799493 110.76628672352196 111.08079895612234 111.46939992578127 111.68497402855162 111.98661591355221 112.29568663120992 112.61125227391437 112.93286248328133 112.21721475709934 112.14490738824465 113.96386051847095 114.42755316074496 114.8026572307415 115.22259558339626 115.65145928365058 116.08744308292185 116.52876737000666 116.81194343104865 117.4570421783916 118.0129836847819 118.60152874442025
109.6991197573081 108.77829839680417 102.26302872158008 107.77969758926747 108.16101908870779 108.4920377755137 108.80784435656744 109.03912939462872 106.75239535234358 106.93523233856537 107.13936523487247 107.35923761165222 107.59140947114172 107.83379170622273 108.07237480175976 108.32015121996817 108.57124097917303 108.82805275167975 109.0937611103745 109.37377750052596 109.6796844030666 109.74483589206264 109.49301792157326 110.45083502747433 112.27418849990329 111.53081024099153 111.31956948199775 111.62095393566129 111.92513965453014 112.25296888284066 112.45558468832266 112.35375372365439 113.39264492883194 113.65712328160558 114.05612018982356 114.48233029547191 114.89549119546498 115.31972571279354 115.75231717487306 116.19195248126502 116.63596119157167 117.14705342119406 117.70098182369834 118.28511181159836
109.75687486488853 108.77820438921967 102.06607824666276 99.47719582221255 99.21257325782246 108.42778531171042 108.74113740621277 109.045365653424 108.8709695016926 106.59827991249088 106.80365483059232 107.02966418384928 107.27046427497105 107.49113656714172 107.73252207279468 107.9768338040103 108.22603322181025 108.48217256101066 108.74810054845965 109.02853596858714 109.33247230806676 109.72137313166382 109.61837563021734 111.05813627645358 111.00490341540107 110.7266695029628 110.9375921204061 111.22174062252341 111.54288820390515 111.88566402220961 112.24263839609128 113.91527341682122 112.97557863607923 113.33421624839103 113.73918404605324 114.17127746762533 114.57555662339199 114.99510908302821 115.4245574430663 115.8624060350496 116.32046862268896 116.82741838972275 117.34441600240706 117.96357228311923
109.8137552714476 108.79037751291992 101.76685327291588 99.39187158141101 99.37594315503468 99.81113196234094 100.04667628877091 108.97551258366474 108.95470028484361 106.2541971628492 106.46273278064233 107.43403079082712 107.21897070552933 107.13459837343358 107.37041703945853 107.61074401828436 107.85684301540411 108.11020929772587 108.42891459867747 108.06977006044023 107.45691453961675 106.94274005894547 106.44393383986106 109.74557838219093 111.04164527087819 110.30881686600038 110.5239787930185 110.82837094175181 111.16808430194762 111.52629702082778 114.29331753352993 112.49070154512926 112.60942020763125 112.99075594574738 113.4031480488041 113.83884267212846 114.26017493617452 114.67364607310569 115.09977570149393 115.53592634150378 116.00101239752033 116.49989755227125 117.01141327297353 117.63606355892152
109.86227938580487 108.80218882979402 101.21178621798957 99.33400862389537 99.55704582257702 99.95281387569084 100.17915571174592 100.329988709154 100.43524377350708 108.8091771810327 107.53408676657942 107.32952961278947 106.55192015760012 106.77882254981493 107.01588110432203 107.26551766724278 107.53082082562766 107.81586751648854 108.12633793817619 108.47077586960397 108.27025035790687 107.48607410685426 106.80471828658327 109.30648948442288 109.5500332394778 109.8837536327874 110.10653743567104 110.43705663137608 115.14485105776474 114.51267276247282 113.54915256533792 111.90021724624178 112.23055218194011 112.62681793999333 113.0481018582199 113.49135432829964 113.95555634847588 114.3546735915161 114.77639522251543 115.21073803265102 115.67457826839947 116.16594017412955 116.67261720465646 117.58816077033656
109.91669654808918 108.81367633704939 100.64518875268348 99.29907528771744 99.76184837140408 100.10370968458245 100.30149689145428 100.4366257230995 100.5387924683655 104.6201190780125 105.739198209726 105.94053166919605 106.15022125970278 106.3678558298152 106.59482210349381 106.83310840594504 107.08525145884587 107.35451658222497 107.64527757958228 107.96377878866824 108.31988529918925 108.16471611624557 108.60026874806847 108.853954166364 109.1165960434874 109.73128010126308 109.68397297089062 115.201798675483 114.65995309498408 113.9881124115946 113.0537919505911 111.79908371435299 111.83183702967563 112.24125024196428 112.67291350210246 113.12668118227943 113.60326657705808 113.35030522390566 114.45390481874655 114.88588269623243 115.34271467696253 115.82681331868216 116.32909203272546 117.62939450236529
