nni.asc
NCOLS 251
NROWS 251
XLLCORNER 2
YLLCORNER 3
CELLSIZE 1
NODATA_VALUE -99999
[rows 57 to 75 of 251, columns 44 to 87 of 251]
94.21320988999703 94.71611597657372 95.21132337749539 95.6976474765557 96.17629069956551 96.64772681975299 97.11268783896645 97.57626802520379 98.05805404566878 98.59227111104627 99.17199419400377 99.83691763083152 100.53325708315302 101.22959653547626 101.92210769556573 102.53071058732249 102.98241398083823 103.38590230553862 103.79009768337032 104.19573079170621 104.59982599323445 104.9879841997344 105.3240139240268 105.93634706652152 106.49666695409714 107.0051479237262 107.48002224212715 107.9265213866074 108.34837548481013 108.70946643375468 109.02872235534272 109.32352772092091 109.60669656086 109.8956981715326 110.2007504696781 110.52243166240146 110.85094745685802 111.17748168967906 111.50226125421655 111.81760277202606 112.11865237093865 112.4005939294791 112.64582503961455 112.83385284922922
95.09457192326867 95.61640404193638 96.13231993640592 96.63998058522179 97.1347002145342 97.61860345220431 98.09832132969125 98.57863934428889 99.07280651147558 99.62182786590203 100.27083305723734 100.95968019529928 101.64154166933785 102.32833188771316 103.02760378366368 103.73432701407083 104.11214865668295 104.48440185895092 104.8658446322612 105.25005656719989 105.623881069789 105.98133099118319 106.47119027024252 106.9544585534877 107.40826824912726 107.83865038721771 108.25446501677844 108.65845866158374 109.05048122931444 109.40975801901851 109.74121308944433 110.05543587819203 110.36018951713902 110.65773124066028 110.96059052776954 111.27700514015109 111.59361381297336 111.90633261830102 112.21477254255596 112.5124799908869 112.79714410881725 113.06398060640953 113.2927074135248 113.47177848539756
96.0016168397481 96.54068257109054 97.07779780853235 97.61124257377219 98.13866200696155 98.65394208949054 99.14857091253961 99.63092289436958 100.09589740155367 100.70839591429615 101.37525208231189 102.01966605766341 102.66208679306735 103.30145536006316 103.92671004404647 104.51431321602851 105.03941042729603 105.4889391647151 105.88732637685183 106.26222178414228 106.6304905552386 107.04619336458941 107.47399792107137 107.86717491274626 108.25377208429967 108.63840265199845 109.0203092480262 109.39819129080378 109.7705804485168 110.1262031495417 110.46183106272309 110.7834165421398 111.09798809474245 111.40583274174479 111.71219982177816 112.02333785961625 112.32992069241968 112.63031098572483 112.92428043530279 113.20724828459484 113.47750803969407 113.72950166344675 113.94333510952306 114.11353005985089
96.92191787540415 97.47508096569663 98.03257137940501 98.5934263251558 99.15567840508356 99.71158895803899 100.24117973991703 100.72846314958583 101.22852641025426 101.81243277072504 102.39549428093397 102.9865481034528 103.57617481789906 104.16098991589116 104.7390126806474 105.3079021785474 105.85963772300238 106.37101782968807 106.85459160293941 107.27285487593555 107.64404280077181 108.03593413848724 108.36997160540754 108.71167286785919 109.06350367105233 109.42139208924026 109.78184719168163 110.14219665838348 110.50031106973505 110.8515324588644 111.18852733764348 111.51356168905099 111.83175278204344 112.14495988715593 112.45432095723244 112.7647228678381 113.06300947539268 113.35197276413153 113.63240792274904 113.90152492065559 114.15777987230656 114.39517097314209 114.59573335361432 114.76008711916501
97.81685871072463 98.37831221202867 98.94649058229534 99.52189672314456 100.1062650819799 100.70423002844102 101.31985230797947 101.90351244575817 102.38739632930917 102.82672043877578 103.33551260041772 103.87690447982973 104.43167212210365 104.99128353926115 105.55094171393434 106.10744283527734 106.65823304792923 107.19871063526647 107.73032284932911 108.25280462752295 108.64392045445885 108.90748770515893 109.20189966817611 109.51969154080408 109.85220308242002 110.193616237023 110.53986145299643 110.8879850255809 111.23572135407638 111.58113045885896 111.91842510840661 112.2460440398689 112.56537124533034 112.88013365315467 113.19067953388675 113.50200493313034 113.79534209730407 114.07300131305527 114.33923721627225 114.59374436190585 114.83453475870198 115.05764236994655 115.24806123747234 115.41236770063777
98.66823366295093 99.23353770401822 99.80626007508104 100.38837731917008 100.98104769288648 101.5890713470998 102.2215766615906 102.89676037357252 103.41831857375576 103.7724265047177 104.23088883327073 104.73886300707154 105.27039326400481 105.81303731205084 106.36013077357507 106.90763407630487 107.44959696983106 107.98109705997933 108.50948163325351 109.0326713326847 109.42837957451653 109.70902508976059 109.99706151271839 110.30465740669554 110.6266092697423 110.95778659391067 111.29449774459391 111.6339899778213 111.97411676537973 112.3131167800353 112.64920268029007 112.97844928404419 113.30006760145389 113.61466451873838 113.92474538266273 114.23533086768593 114.52899516794244 114.79373878608318 115.04246414825589 115.27916295268817 115.50216570787131 115.71096480391354 115.90403863360285 116.07130113488078
99.49428541318059 100.05944218079631 100.63227038652003 101.21470063491194 101.80786494855651 102.41384548076044 103.03751958046291 103.66455471065986 104.23268390628849 104.66204276723708 105.09067057070193 105.57717119211563 106.09347316444607 106.62489557122231 107.16166855268746 107.68745871512701 108.20465406330504 108.71548942375101 109.22339200077178 109.71900815822092 110.11903888191513 110.4443258642755 110.76030071376182 111.07367803105858 111.39040415986058 111.71541780070108 112.04581057872922 112.37924286566954 112.7138122016291 113.04791791874119 113.38015186672155 113.70920785488565 114.03291109602819 114.34989417282831 114.65945050939126 114.96647158545504 115.2658082091829 115.50825419260885 115.73003843840073 115.94403908578143 116.15287512355246 116.3602165232166 116.56271447256631 116.73769793840712
100.30194712355365 100.86491480304021 101.43534085900531 102.01458354632656 102.60359188154278 103.20091478736455 103.79930355391636 104.38021974309808 104.94901428115995 105.46280892377902 105.91863320467114 106.3926968088994 106.9001632208385 107.42208257732447 107.93236114958512 108.43616267721943 108.93589975093704 109.43182882343835 109.92476890635744 110.39864100819361 110.80607040985639 111.15818531216108 111.49433590160422 111.82320116879983 112.145820648403 112.46747315534051 112.79385683548612 113.12314047874222 113.45372261792998 113.78420069464988 114.11330838762703 114.43985320860492 114.76265646345426 115.08049280242304 115.39224622635213 115.6994518180045 115.97670837959342 116.17505704962755 116.37897533141418 116.58387613912451 116.79067505933808 117.0007960687628 117.21334827199635 117.41098558924247
101.09388677077979 101.65325308068024 102.21941161093888 102.79283991882484 103.37286182414421 103.95188471643446 104.52729041595022 105.09908739089951 105.66110750477024 106.19727509073647 106.7077683941234 107.18517938894509 107.68913350487685 108.18744099429101 108.67960853447585 109.16934139680552 109.6561943355598 110.1412269064595 110.62274650442286 111.08245386193093 111.49413901378624 111.86606671894431 112.21737864752008 112.55823988337521 112.89056798487988 113.21460851004987 113.53869717142452 113.86529706573812 114.19312709395442 114.52099891840561 114.8477987127633 115.17245046615588 115.49387463524455 115.81095608229643 116.11640006485602 116.40211956198794 116.65458907239378 116.84663574849216 117.03972762765117 117.23631222725831 117.43482766576005 117.63594718365935 117.84320341989404 118.06411386801007
101.87073603625441 102.42516958992991 102.98500409787134 103.54943408156358 104.11798544289877 104.6874403256476 105.25570004394885 105.82043595992553 106.37694985695285 106.91480498577755 107.44381103316495 107.95404954851773 108.44772312797896 108.93127473199657 109.41270104177406 109.89225838391681 110.37040911158961 110.8462803428068 111.31869648752362 111.76996028473845 112.18446773970686 112.5714549909019 112.93548982664728 113.2862751643287 113.62667561338934 113.95690893572137 114.28037730563912 114.60544785911316 114.9315238721137 115.25763442331876 115.58282232017586 115.90613353664902 116.22659308171467 116.53580111195352 116.82641082312774 117.09697720987927 117.33480218301911 117.52394071964095 117.71140827874915 117.90053648078498 118.0906811114972 118.28121558027533 118.4714848612033 118.66213500401152
102.63555855258691 103.18409395874355 103.73776155508415 104.29616585293981 104.85870870622541 105.42206115936384 105.98421679627242 106.54312245017888 107.09498411613929 107.6321237213664 108.16252649456801 108.6954107157934 109.18406596661859 109.66136775320027 110.13617245727937 110.60894119111396 111.07967020172943 111.54791170780724 112.01273855487366 112.46164539095265 112.87986133518612 113.27503740045921 113.6507131047286 114.01041002397736 114.3578729025939 114.6936624312589 115.01890269682396 115.34338007305644 115.66853320001634 115.99360374621828 116.31779207725158 116.6402748022318 116.95612632860251 117.2540282188929 117.53330823571093 117.79144999264548 118.01625416084747 118.2015553289175 118.38589408390622 118.57095168242769 118.75592470364161 118.93967049439195 119.12008230423336 119.29271367487814
103.3951321872645 103.9384838314161 104.48700952368115 105.04031825048305 105.59762478757966 106.1555033678169 106.71229802815216 107.26617314463398 107.81393083905981 108.34977750572597 108.88206510984607 109.41561510245347 109.90842649087232 110.38209124912953 110.85256178720886 111.31986889529996 111.78450324011123 112.24659711188599 112.70687601557289 113.15732429320356 113.57967576233823 113.98020535549344 114.36370068916216 114.73193078361896 115.08589844320565 115.42647060320094 115.75420471593976 116.07887400122205 116.40382219607461 116.72849357046071 117.0522470475063 117.37403631553852 117.68209108962797 117.9710623048481 118.23992800567714 118.4859705368825 118.69731674406903 118.87907745794088 119.06140699648498 119.24401810766648 119.42610472085373 119.60645337074014 119.78277839385234 119.94950209214332
104.1497004573526 104.68865005640521 105.23282592615021 105.78186356021398 106.33445584727473 106.88735410574917 107.43933652825011 107.98873124042115 108.53274420851423 109.0673008489913 109.60206578899312 110.1359558131932 110.63434582936563 111.10073627111545 111.56548524162443 112.02784503909535 112.48798644698303 112.9463077641601 113.40316390111508 113.855522958841 114.28321561408328 114.68911772429874 115.07772773530841 115.45162682412438 115.81151025311209 116.1562047005381 116.4860887566875 116.81163833083174 117.13703213695193 117.46190368921678 117.7858151427684 118.10629503562618 118.4083439725194 118.68844325286996 118.94699591689725 119.18001608198645 119.37621182675227 119.55652869904542 119.73755957682363 119.91873612893059 120.0993382947571 120.27829939591675 120.45368492147574 120.62103725749395
104.89933167359696 105.43464487091481 105.97523748508017 106.52077676620239 107.06878677125795 107.61709895812488 108.16468535553422 108.70999042519782 109.25048830945579 109.78444103132554 110.32201370713992 110.85841199544474 111.36012887504633 111.82273875589307 112.28100131034162 112.73798514079583 113.1936645748749 113.64827189576367 114.10183748271848 114.55421146876843 114.98931532841269 115.4012392033055 115.79534826504043 116.17366144277666 116.53682890444182 116.88362514015553 117.2144853385586 117.54149896904974 117.86813683851148 118.19432871817358 118.52003201492819 118.84002636075142 119.136107564474 119.40712879371826 119.65418404868986 119.8713941636878 120.05440195337518 120.23397533822435 120.41424325298517 120.59473026791119 120.77486434744156 120.95386383166411 121.13045208786659 121.30211438283197
105.6441712621534 106.1765966364759 106.71435177335691 107.25650950991789 107.80009050473461 108.34413473552435 108.88764387206938 109.4291356333472 109.96624376761072 110.50106716807319 111.04179312509774 111.58362504516847 112.08836171858164 112.54727458384859 112.99871865588734 113.4502618419992 113.90184816705484 114.35315382024102 114.803782571059 115.25338289233702 115.69715868729405 116.11660610793005 116.51618671850964 116.89945534303448 117.26527968326516 117.6119313305016 117.9424966724338 118.27127946092412 118.59981531699053 118.92806281260174 119.25601556191076 119.57701485479684 119.86661717450815 120.12713626871984 120.35946154716832 120.55436786835618 120.73233851486445 120.91146523122417 121.09155829940637 121.27249717070056 121.45339118032368 121.63346743937915 121.81224851711869 121.99035827454942
106.3845359099277 106.91479612417224 107.45026057998541 107.98832153657969 108.52772579291637 109.0677568144287 109.60742758248117 110.14528819638335 110.67977745412838 111.21717278789703 111.76157469404855 112.31150527425868 112.82114822441322 113.27392770832003 113.71846011298382 114.16485883679606 114.61255230196531 115.0607643235089 115.5088280409428 115.9560728363 116.40178163700168 116.83465947151399 117.24122135832833 117.62906049981757 117.9967958328216 118.3400314277678 118.67124553677259 119.0024784976664 119.33309897929932 119.66347141724944 119.99404189626308 120.31865051021022 120.6005926229418 120.84689078320012 121.05519847191526 121.23241935888088 121.41006349252676 121.59011049208584 121.77223234147928 121.9552358687189 122.13829953407819 122.3209516250738 122.50332458283197 122.68728457440271
107.12104428738442 107.64969117146578 108.18155263182373 108.71548243296593 109.25091723688726 109.78712970954619 110.32312646725313 110.85745317580658 111.39235642818963 111.93295950850694 112.48195631388667 113.04020187943264 113.5600569163027 114.00271538290251 114.44022790891736 114.88153138999719 115.32539651203942 115.77075628359513 116.21662007602026 116.6620578842162 117.10618441974363 117.54762033655712 117.97070685156045 118.36246691093346 118.7295524731474 119.06979444950831 119.40654661226723 119.7402210257217 120.07193833080025 120.40327109377276 120.73425066532229 121.06515552174874 121.3384560425177 121.55631270310536 121.73267089599307 121.90942696129217 122.08904819214 122.272080734638 122.4570078081058 122.64285608410309 122.82903896948825 123.01551051143849 123.20284108880774 123.38794161604753
107.8544198581243 108.3793636838548 108.90712048040554 109.43709865499473 109.96871985981916 110.50124099828801 111.033652674838 111.5664339075467 112.10423814603162 112.64907441263568 113.20379544279723 113.76510084986415 114.30430265861155 114.73358006058469 115.16305804957804 115.59924972695345 116.03988539738687 116.48259300693974 116.9264508448513 117.37071854746937 117.81453181673048 118.25646780206017 118.69283666105078 119.10250315626405 119.46579836943366 119.81128659332136 120.14180779362455 120.4699014055154 120.79916994626558 121.13165744195508 121.4692907973002 121.81214331201072 122.05929656850155 122.23252063100173 122.40783503428742 122.58571645162604 122.76952628567656 122.95665019114361 123.14534251262289 123.33478745140329 123.5246841877673 123.71508783128392 123.90192495584377 124.08174447692889
108.583698165877 109.10256951131889 109.62592169545506 110.15207892904367 110.67996576317798 111.20883377784837 111.73906914141149 112.27425873367599 112.81457095818435 113.36070617925893 113.91348920662097 114.46794807957069 114.99378357650046 115.44332946548464 115.87302315943106 116.30832188257189 116.74972440402043 117.19415317799843 117.6379603915888 118.08194402859871 118.52720131984043 118.97388444254918 119.42478963596331 119.92575444804072 120.25124453779684 120.54330048013404 120.85310794177883 121.16866223104343 121.48765449879718 121.80883587216152 122.12746724212279 122.43987260014053 122.72084436736215 122.90478198504607 123.08040114915906 123.26196189526597 123.45103378429576 123.64300160014204 123.83606590624696 124.02949759633843 124.22328233473372 124.41549022337827 124.60062743262495 124.77725020027655
