tin.asc
NCOLS 251
NROWS 251
XLLCORNER 2
YLLCORNER 3
CELLSIZE 1
NODATA_VALUE -99999
[rows 171 to 189 of 251, columns 44 to 87 of 251]
107.00474496947709 107.49905938898436 108.0007801714284 108.50303948828959 109.0052988051508 109.507558122012 110.0098174388732 110.5120767557344 111.01433607259557 111.5165953894568 112.01885470631798 112.4119432764731 112.90279433862317 113.4430223024957 113.98325026636823 114.52347823024078 115.06370619411331 115.60393415798586 116.1395422501018 116.67526322550246 117.38182221396424 118.12712566057778 118.87242910719132 119.61773255380484 120.36303600041836 121.1083394470319 121.8412862837817 122.5677899137095 123.29429354363731 124.0207971735651 124.74730080349292 125.35726284007063 125.89764197010349 126.43802110013637 126.97840023016924 127.51877936020212 128.059158490235 128.60298565845275 129.1631929993573 129.72471663271216 130.28624026606707 130.7618373016676 131.17619673908138 131.59055617649517
106.29924434300122 106.80117630970123 107.30343562656242 107.80569494342362 108.30795426028482 108.81021357714602 109.31247289400721 109.8147322108684 110.31699152772961 110.8192508445908 111.321510161452 111.78284298036641 112.29350581398984 112.83373377786238 113.37396174173492 113.91418970560746 114.45441766948001 114.99464563335253 115.53487359722509 116.20823210956803 116.95353555618155 117.6988390027951 118.44414244940862 119.18944589602215 119.93474934263568 120.68003937935295 121.40654300928078 122.13304663920859 122.85955026913636 123.58605389906418 124.31255752899199 124.95205153147958 125.49243066151244 126.03280979154533 126.57981120525386 127.12703234853544 127.674253491817 128.22147463509856 128.77033883484773 129.33186246820264 129.89338610155755 130.37674719545717 130.7911066328709 131.20546607028467
105.60157244797404 106.10383176483522 106.60609108169643 107.10835039855763 107.61060971541882 108.11286903228003 108.61512834914122 109.11738766600241 109.61964698286361 110.12190629972481 110.631956255724 111.16052420276273 111.7020421792603 112.2478778409125 112.79371350256469 113.33954916421692 113.88538482586912 114.43122048752133 115.00591569332725 115.75957492532422 116.51543829205397 117.27055234501239 118.01585579162594 118.76115923823947 119.50646268485299 120.24529610485202 120.97179973477985 121.69830336470766 122.42480699463545 123.15131062456325 123.88982055994367 124.52865886394702 125.10385789533655 125.65107903861812 126.1983001818997 126.74552132518126 127.29274246846282 127.83996361174438 128.38718475502594 128.93900830369313 129.50053193704798 129.99165708924667 130.40601652666044 130.82037596407417
104.90422790310804 105.40648721996924 105.90874653683044 106.41100585369165 106.9155885309266 107.44415647796532 107.97272442500403 108.50129237204273 109.02986031908144 109.55842826612015 110.08699621315884 110.61556416019756 111.14585497010772 111.69169063175991 112.23752629341213 112.78336195506435 113.32919761671656 113.87503327836876 114.55206468950416 115.30572392150111 116.05975197025279 116.81587760513273 117.57200324001266 118.3281288748926 119.07817602707031 119.81055283035111 120.54878714808792 121.29551109059454 122.04223503310116 122.78895897560778 123.42933030578945 124.01383736713058 124.5983444284717 125.18285148981283 125.76735855115398 126.3518656124951 126.91123144510864 127.4584525883902 128.00567373167178 128.55289487495332 129.10767777253847 129.6065669830362 130.02092642044997 130.43528585786373
104.2563567002066 104.78492464724532 105.31349259428401 105.84206054132272 106.37062848836143 106.89919643540016 107.42776438243885 107.95633232947756 108.48490027651627 109.01346822355498 109.54203617059369 110.0706041176324 110.5991720646711 111.13550342260736 111.68133908425958 112.22717474591178 112.77301040756399 113.34455445368411 114.09821368568107 114.85187291767804 115.605532149675 116.36019128333157 117.11631691821148 117.87244255309143 118.62856818797137 119.48392052742702 120.20128498585825 120.94137344876525 121.68809739127188 122.33000174763187 122.91450880897301 123.49901587031412 124.08352293165527 124.6680299929964 125.25253705433752 125.83704411567865 126.4215511770198 127.00605823836092 127.59056529970206 128.17138385159913 128.7186049948807 129.22147687682573 129.63583631423947 130.04091139641838
103.72602091656664 104.23996460468015 104.76853255171886 105.29710049875759 105.82566844579628 106.35423639283498 106.8828043398737 107.41137228691241 107.93994023395112 108.46850818098982 108.99707612802854 109.52564407506725 110.05421202210596 110.58277996914465 111.12515187510701 111.67098753675921 112.21682319841142 112.89070344986104 113.64436268185801 114.39802191385496 115.15168114585191 115.90534037784886 116.66063059641031 117.41675623129026 118.17288186617019 119.21490885551526 119.93227331394654 120.6496377723778 121.2194910855258 121.8038887759096 122.3882864662934 122.97268415667716 123.55708184706094 124.14147953744472 124.7258772278285 125.31027491821229 125.89467260859608 126.47907029897988 127.06346798936364 127.64786567974743 128.23038928528666 128.76859217112832 129.16276870112736 129.55136400307987
103.30250299192002 103.80755894858797 104.31261490525586 104.81767086192377 105.3227268185917 105.82778277525964 106.33784429730854 106.86641224434725 107.39498019138594 107.92354813842466 108.45211608546336 108.98068403250208 109.50925197954079 110.03781992657949 110.56896466595444 111.11480032760664 111.68319321404101 112.43685244603797 113.19051167803492 113.94417091003189 114.69783014202883 115.45148937402578 116.20514860602273 116.96106990948908 117.71719554436902 118.84801361779392 119.66326164203481 120.19593249355107 120.6800304226862 121.26442811306998 121.84882580345376 122.43322349383754 123.01762118422133 123.60201887460511 124.18641656498889 124.77081425537267 125.35521194575647 125.93960963614023 126.52400732652403 127.10054450784389 127.67669750237192 128.1886207566206 128.67322130778885 129.0618166097413
102.59299016618702 103.27372818796326 103.88909698060925 104.39415293727717 104.89920889394509 105.40426485061302 105.90932080728093 106.41437676394887 106.91943272061678 107.4244886772847 107.92954463395263 108.43572398993692 108.96429193697563 109.49285988401434 110.02142783105305 110.55861311845409 111.22934221021792 111.98300144221488 112.73666067421185 113.49031990620881 114.24397913820575 114.99763837020271 115.75129760219966 116.50538358768792 117.26150922256787 118.41139310031775 119.21146960192729 119.63636363481405 120.14056975984658 120.72496745023037 121.30936514061415 121.89376283099794 122.47816052138171 123.06255821176549 123.64695590214929 124.23135359253308 124.81575128291686 125.39454673587304 125.97069973040107 126.54685272492915 127.10323841263956 127.60864934211288 128.1140602715862 128.5722692164028
101.85621960056741 102.53695762234365 103.21769564411991 103.89843366589614 104.47569096929847 104.9807469259664 105.48580288263432 105.99085883930223 106.49591479597017 107.00097075263808 107.50602670930601 108.01108266597393 108.51613862264185 109.02119457930976 109.52625053597767 110.03130649264561 110.77017995202928 111.5271715399402 112.28280967038876 113.0364689023857 113.79012813438267 114.5437873663796 115.29744659837657 116.05110583037353 116.81045120290511 117.83836797273598 118.65190074319027 119.07679477607701 119.60110909700698 120.18550678739076 120.76990447777455 121.35430216815831 121.93869985854211 122.52309754892589 123.10749523930967 123.6885489639022 124.26470195843025 124.84085495295831 125.41700794748633 125.99316094201438 126.52326699813185 127.02867792760516 127.53408885707843 128.03949978655177
101.11944903494779 101.80018705672404 102.48092507850028 103.16166310027651 103.84240112205278 104.52313914382901 105.06228495798771 105.56734091465563 106.07239687132355 106.57745282799146 107.08250878465938 107.5875647413273 108.09262069799523 108.59767665466316 109.10273261133106 109.607788567999 110.27612510704469 111.03311669495562 111.79010828286654 112.54709987077746 113.30409145868839 114.0610830465993 114.81807463451024 115.57506622242116 116.31377867717717 117.16892143301844 118.08291776483807 118.51722591733997 119.06164843416738 119.64604612455113 120.23044381493492 120.8148415053187 121.3992391957025 121.98255119193136 122.5587041864594 123.13485718098747 123.71101017551548 124.28716317004353 124.86331616457159 125.43788465415082 125.94329558362409 126.44870651309743 126.95411744257073 127.45952837204402
100.3826784693282 101.06341649110445 101.74415451288068 102.42489253465692 103.10563055643317 103.7863685782094 104.46710659998564 105.14382299000903 105.64887894667694 106.15393490334486 106.65899086001278 107.16404681668071 107.66910277334864 108.17415873001654 108.67921468668446 109.18427064335239 109.78207026206009 110.539061849971 111.29605343788195 112.05304502579287 112.81003661370379 113.5670282016147 114.32401978952564 115.06544845406134 115.7839337739193 116.50241909377729 117.41347122512052 117.95765705860293 118.52218777132775 119.10658546171153 119.6909831520953 120.27538084247911 120.85270641448855 121.42885940901661 122.00501240354468 122.5811653980727 123.15731839260076 123.73347138712879 124.30962438165685 124.8579132396431 125.36332416911641 125.8687350985897 126.37414602806298 126.87955695753631
99.64590790370858 100.32664592548483 101.00738394726108 101.68812196903733 102.36885999081355 103.0495980125898 103.73033603436603 104.4110740561423 105.09181207791852 105.73041697869826 106.23547293536618 106.74052889203409 107.24558484870201 107.75064080536994 108.25569676203787 108.76075271870579 109.28801541707551 110.04500700498643 110.80199859289736 111.55899018080828 112.3159817687192 113.07297335663011 113.81711823094548 114.53560355080346 115.25408887066143 115.97257419051942 116.74402468540298 117.39832941810437 117.98272710848812 118.56712479887193 119.14670864251772 119.72286163704578 120.29901463157383 120.87516762610187 121.4513206206299 122.02747361515794 122.603626609686 123.17977960421403 123.75593259874208 124.27794182513536 124.78335275460866 125.28876368408197 125.79417461355527 126.2995855430286
98.90913733808897 99.58987535986523 100.27061338164145 100.9513514034177 101.63208942519395 102.31282744697018 102.99356546874643 103.67430349052268 104.35504151229891 105.03577953407515 105.7165175558514 106.31701096738749 106.8220669240554 107.32712288072332 107.83217883739124 108.33723479405916 108.84229075072707 109.55095216000184 110.30794374791276 111.06493533582369 111.8219269237346 112.56878800782965 113.28727332768761 114.00575864754558 114.72424396740357 115.44272928726156 116.16121460711955 116.85886875526472 117.44071087054688 118.01686386507492 118.59301685960295 119.16916985413101 119.74532284865907 120.3214758431871 120.89762883771516 121.4737818322432 122.04993482677125 122.6260878212993 123.19255948115433 123.69797041062763 124.20338134010095 124.70879226957425 125.21420319904757 125.71961412852085
98.17236677246936 98.85310479424561 99.53384281602186 100.21458083779808 100.89531885957433 101.57605688135057 102.25679490312682 102.93753292490305 103.6182709466793 104.29900896845555 104.9797469902318 105.66048501200802 106.34122303378427 106.9036049560767 107.40866091274462 107.91371686941255 108.41877282608047 109.05689731501725 109.81388890292818 110.5708804908391 111.3204577847138 112.03894310457179 112.75742842442975 113.47591374428774 114.1943990641457 114.91288438400369 115.64468606880608 116.32160300184671 116.88701908763211 117.46317208216018 118.03932507668823 118.61547807121627 119.19163106574432 119.76778406027236 120.3439370548004 120.92009004932845 121.4962430438565 122.07239603838454 122.6125880666466 123.11799899611991 123.62340992559322 124.12882085506652 124.63423178453982 125.13964271401312
97.43559620684977 98.11633422862599 98.79707225040225 99.47781027217847 100.15854829395474 100.83928631573097 101.52002433750721 102.20076235928346 102.88150038105971 103.56223840283594 104.24297642461218 104.92371444638843 105.60445246816467 106.28519048994092 106.96592851171715 107.49019894476595 107.99525490143387 108.56284247003266 109.31983405794358 110.07212756159794 110.79061288145593 111.50909820131392 112.22758352117188 112.95823725466113 113.69778131979454 114.43732538492797 115.17686945006142 115.80725229114455 116.33912989208224 116.90948029924543 117.48563329377347 118.0617862883015 118.63793928282958 119.21409227735761 119.79024527188565 120.36639826641371 120.94255126094174 121.51870425546979 122.03261665213888 122.53802758161218 123.0434385110855 123.5488494405588 124.0542603700321 124.55967129950542
96.69882564123014 97.3795636630064 98.06030168478263 98.74103970655887 99.42177772833512 100.10251575011135 100.78325377188759 101.46399179366384 102.14472981544009 102.82546783721634 103.50620585899257 104.18694388076881 104.86768190254506 105.5484199243213 106.22915794609754 106.9098959678738 107.57173697678724 108.07679293345517 108.82379733848211 109.5422826583401 110.27178844051619 111.0113325056496 111.75087657078302 112.49042063591646 113.22996470104988 113.96950876618331 114.70905283131675 115.29290158044239 115.8247791813801 116.35665678231777 116.9319415108587 117.50809450538675 118.08424749991481 118.66040049444287 119.2365534889709 119.81270648349896 120.38885947802699 120.94723430815786 121.45264523763116 121.95805616710446 122.46346709657777 122.96887802605107 123.47428895552437 123.97969988499767
95.96205507561055 96.64279309738677 97.32353111916302 98.00426914093927 98.6850071627155 99.36574518449176 100.046483206268 100.72722122804424 101.40795924982046 102.08869727159671 102.76943529337296 103.45017331514921 104.13091133692545 104.81164935870169 105.49238738047794 106.17312540225419 106.85386342403042 107.57984205532773 108.30038945354636 109.0644277566381 109.80397182177153 110.54351588690496 111.28305995203837 112.0226040171718 112.76214808230523 113.50169214743866 114.24123621257209 114.77855086974023 115.31042847067795 115.84230607161564 116.37824972794397 116.95440272247203 117.53055571700006 118.1067087115281 118.68286170605616 119.25901470058419 119.83516769511223 120.36726289365012 120.87267382312343 121.37808475259673 121.88349568207003 122.38890661154335 122.89431754101665 123.39972847048996
95.22528450999093 95.90602253176715 96.58676055354341 97.26749857531965 97.9482365970959 98.62897461887214 99.30971264064837 99.99045066242462 100.67118868420087 101.3519267059771 102.03266472775334 102.71340274952959 103.39414077130583 104.07487879308209 104.75561681485833 105.4490805528998 106.35163856533565 107.25147946957644 107.88787159595216 108.50928448411535 109.12957491788845 109.94046498378863 110.75683749137877 111.55478739842715 112.29433146356057 113.03387552869401 113.73232255810036 114.26420015903807 114.79607775997577 115.32795536091348 115.85983296185118 116.40071093955726 116.97686393408532 117.55301692861335 118.1291699231414 118.70532291766945 119.2814759121975 119.78729147914238 120.29270240861571 120.798113338089 121.30352426756231 121.80893519703562 122.31434612650892 122.81975705598225
94.4885139443713 95.16925196614756 95.84998998792379 96.53072800970003 97.21146603147629 97.89220405325253 98.57294207502876 99.25368009680501 99.93441811858125 100.6151561403575 101.29589416213375 101.97663218391 102.65737020568622 103.33810822746247 104.20941785780727 105.12343507534358 106.06797248942013 106.87125334108379 107.5076454674595 108.13976313339859 108.76005356717167 109.38034400094477 110.00063443471787 110.76416800644076 111.5805405140309 112.39691302162107 113.14857238239696 113.74984944833591 114.28172704927361 114.81360465021132 115.34548225114904 115.87735985208673 116.42317215117058 116.99932514569862 117.57547814022665 118.1516311347547 118.70190913516136 119.20732006463469 119.71273099410799 120.21814192358127 120.7235528530546 121.2289637825279 121.7343747120012 122.23978564147451
