tin.asc
NCOLS 251
NROWS 251
XLLCORNER 2
YLLCORNER 3
CELLSIZE 1
NODATA_VALUE -99999
[rows 209 to 227 of 251, columns 0 to 43 of 251]
3.2517343622169625 14.794255637496311 37.79402670190862 86.12223409502981 38.58558058784198 18.726914338301203 22.465320030263804 95.69317487791213 51.63988924351506 4.601779094939539 57.823020151611296 84.78804466971911 88.9753719925866 84.47065693409267 89.37337212821996 57.628008047947475 7.933823046194188 89.83890726791707 89.5467261733972 74.20574777442953 22.781394415270483 49.86807249819698 36.8218860326036 12.203486839768418 88.60366866735964 23.176488407390238 77.55737739105403 83.46009566322164 81.13384008585841 86.7610197226041 19.190655125369382 6.706862627800336 6.351645885198598 0.48946080643329504 66.10735097959407 25.26034415709978 58.283367904937734 43.33822683021178 12.204580915035045 76.00594323317937 59.62276124587994 80.30223159511893 40.74121963102281 75.69642822685611
95.26763241878471 32.02731210186508 90.94849688609685 89.67534280029221 51.162970226240354 45.72797565455219 1.8138626510873612 38.323960282852234 46.98951019253641 61.940072791409094 36.9505981244408 7.674193967574816 8.988865997995044 58.74310686402951 55.346141039531496 72.17294085773445 62.307315214802216 2.0695242987093354 59.43992636273375 27.330502425829152 22.666124444506252 75.39698338426194 6.0924041860941465 40.53357265262038 38.72073721395065 64.29715115435812 47.94383617589748 96.65460521911193 72.37197946108333 97.70174416699223 2.3805604285374926 37.39290868976431 78.32410615576708 66.92661462247955 17.067644717690456 64.29419446297379 88.73086602078625 10.707607337132163 97.79010652473782 96.79906290201113 37.2669969443082 3.3489663751296916 30.85436067478686 33.79784646249189
84.63896751855512 51.75486061187733 36.1484311091551 31.71043139248576 89.18162615789154 97.68810101851273 87.21491867638423 27.887227566123507 52.26083949662655 44.013255355440926 64.2705662663268 46.869590512209335 79.08971676201759 95.24278728589 64.4947469700775 13.985830730366612 1.053874077209327 67.97698180899197 62.372008397424864 91.74900994429076 61.54190593351989 86.49957171576474 67.94453168712232 86.05337556059499 10.676195182579452 66.06689277370532 22.745654595425847 71.79355096700358 55.537949436802656 74.61937922880851 98.8467371047147 5.071444517318479 79.9313711280001 91.70827413862139 85.8896626059373 97.61441755077101 17.238836418142444 91.62922568323533 37.586141798248654 98.52178040995415 16.73517266494623 51.532901495252915 30.27599713474557 24.594160422479995
90.98698221585761 91.77890424872452 59.66152681660949 32.28910935468555 80.45253969522207 57.32951599160685 85.07351456858294 0.1304643120611404 11.255187633733199 90.51838428757338 93.97834131049855 93.85626614478659 72.56577878235179 67.40082944732175 44.70132309748911 87.45348955467493 79.84231740039925 20.994181926336843 23.486136145732328 35.39062904729816 45.94127542343479 84.60113843546841 93.24685848753703 72.15807918794991 60.2043968651244 68.29166050927515 73.92720111310706 91.39869722922836 99.17397371611398 72.6997161332503 81.00413703366803 0.6849658770383571 15.845806008600672 97.74792578331439 45.28623476024612 9.41426767667599 73.14963064085424 81.93425656208953 56.66763922775051 57.69618558769778 26.700836258044237 98.78062847226461 77.1221894304263 29.369956381408148
59.13037589369048 48.1467167168347 47.284383658224584 95.93493044664547 74.17748708296331 1.4182522272317866 91.52656233043001 12.635210484095417 39.55706448650849 81.75015772988631 98.97086918063442 33.70641836601303 36.48131515876772 74.25419908778241 10.563756310536442 72.75091405148551 21.18599645576944 25.246587761404772 5.273592082864498 58.170801359908516 22.15265284178748 68.47028112100537 2.386453528907906 0.8539059228804047 14.322428639379014 99.4095277237678 94.6513882630166 72.06464661167237 56.245994331657116 40.17362585900185 71.56276634462357 92.11487100254571 41.88461040872128 10.380364701176713 77.75007356686098 77.82764096200265 4.193848712130821 96.00298678583776 56.21436610616828 36.49546722575835 57.430699956972774 39.401168903089015 17.47590713262793 71.79792289574148
28.421576867227884 34.98558351436593 43.50533449173486 53.61014357033365 40.2588349927141 62.59262230203101 93.35494941129424 99.24955601857356 6.625709046094874 26.898330328643027 12.515398199007766 50.28392189274954 47.153388955345896 73.0762542304228 32.298965918336094 24.718462237155926 48.15978199239397 36.112317559853125 48.546254733062476 36.11648859689895 71.22336375562203 50.702084164440286 29.94178114094188 89.61927457096637 11.421935897189394 63.78379063003787 73.42226355064821 55.619504912999915 64.43690387475012 27.596191982768158 8.016810161900278 15.612279928306815 58.78735877149948 57.809399441415245 52.7568446427822 53.967694930030184 56.66387626525777 66.01906257036558 66.31562988263036 96.7295081756037 7.889212926460698 0.508718620120796 28.583412865555914 0.5944914277469682
46.7585791359571 43.38917744669918 34.07048779341727 7.519711239922744 84.76147952620408 50.40545116721316 12.1888587552627 62.009770946702936 6.919510197788181 16.675833196585423 24.294692665169393 12.47062877009817 68.28415675735373 97.5593723504079 63.384430652708744 50.011585502543255 96.67209815868308 74.88215318653089 81.62283575130343 4.281988860914021 58.3539201933718 78.7631111680985 21.930763765361895 63.837202998339805 47.02568561066068 58.44708499547425 15.632758868555063 68.5867264770001 68.25444502837688 84.16289260053927 98.94606563455389 47.94351057861981 66.2256262304269 34.71947741137213 59.229217411604004 13.106402873343637 65.64081288409434 27.397197868606938 8.339265748862157 6.58041330182747 45.41517821301546 91.36684684882198 54.5208302214047 92.07517882068103
51.44437676757655 15.858201780604642 71.04881060920661 47.65010602512347 32.536203028880664 17.60400568711965 32.5126228251113 55.372486375973764 30.546757997284068 58.38884911104966 3.091599994563321 76.17690754627249 52.78471416736451 72.01016813181592 65.19599031409264 64.47936904931815 28.5617894080599 11.190027128214163 28.91869310832984 97.19350095841727 31.01921921355236 13.044455271534005 76.70428462676765 28.475259732032963 87.54825756821297 69.3664517578751 48.129455989189694 16.98985232517616 28.173836295489696 41.06013941842196 55.250200337139674 37.38965126423411 35.71318282675677 51.7201119396994 57.661792519081054 16.310672803440806 97.91034116421584 47.23592973910482 45.931636692737065 66.93703645636484 41.9374915229735 43.39120947938346 37.428835939438734 78.80659618888181
66.70667056793333 54.041546481957305 29.822319281506726 6.019063409249171 70.92792043297162 87.42706264283886 96.0638100321608 5.531541853847477 39.29227435259588 52.78919660580852 32.78158121620459 3.212115275550742 72.31184162225033 55.437254088763034 8.6036629730316 53.0096733026223 23.2860215073169 9.731235495383672 7.344506772129755 73.79564971047479 95.48284214287985 8.63448961586154 45.4422526041812 31.086001846618807 20.479680177507387 60.12453111700482 31.685081130120274 66.23567661620424 66.81008143850161 3.0137241118963987 90.70178713886567 92.53866937888928 55.14217634239672 23.486130185789754 34.06533602872261 14.015085520831672 82.32453654795474 32.073698280686216 31.065184093551423 16.734770990147307 44.6290869517042 23.596069593745405 26.035809377532292 84.57723355637131
4.531609865904407 50.07317363676312 8.52983061787198 29.13548427113495 85.18564462796121 21.098671352765162 42.672833628245336 22.572020648917757 7.749977013455767 15.248026171175466 89.11417773521079 6.634226385353159 59.43473185030052 7.787871406785973 13.794691635528 42.669652159311354 58.6632675329848 16.33128290690444 8.35599219211428 5.586387131858627 92.52004405010821 66.39579373151835 22.270249823747523 55.65187540520938 98.77639257232232 33.300175225155314 77.67372629149264 66.97301899044635 72.15856733582233 85.37984054561876 90.88056258855951 99.25200765727271 23.464092165835748 41.712043605840975 27.887279992908287 49.48581524976006 25.315386213625402 21.312841133210835 15.833361249735756 58.80297734947039 39.813261191501084 64.27471193561519 78.37736347080786 36.50335964832602
18.64294747849301 57.14673684038477 99.32784085159535 71.5403135848277 49.92455868414082 23.40132605260308 69.50351591145287 75.63118134061726 94.31755808068685 71.23796109592702 83.73959724208507 18.79387855201424 44.86126250828043 34.61805479651272 12.213651668531 16.621927667152704 12.402716456479258 99.54372730611149 57.39855161271073 77.2513731057461 90.88499449551225 87.35218367302551 96.82200253501433 0.21055128414291246 80.02629461779169 47.26042583026029 27.90183304875611 55.413926989165205 14.653192338860311 60.71749955051602 52.542665136648345 43.29688753502978 80.36064746037587 59.1692632793275 91.21709517899657 24.231744704049994 16.197355378141186 43.91467187295427 47.053279182806264 85.13908059315946 26.828019325658524 40.69536497501984 40.956414571151946 68.5764766815819
32.3546805788531 65.24256808433964 68.99875382534421 4.112566637050119 35.907443850837616 48.05221236809262 82.54850100208407 15.866446837320503 92.26374303830391 29.2623371151334 70.37790180154667 32.76570388771077 1.0820951057376238 39.53730868522163 91.67691197443304 23.404712960314445 75.07717403344564 86.62199041054077 9.516886625191423 45.73843091271019 27.83592768169433 92.7912588754662 87.12092326772516 78.21112909884185 88.3976788594421 63.0868605030379 20.746453346713146 49.04588802667782 63.507478270636376 5.919632082806214 51.06450769935049 5.920623010728643 21.070705796646173 87.89131839336272 68.48019145661213 26.23187873435692 88.57780215224192 25.915765561926207 3.6175342664831245 59.9731826535666 41.96412739984159 26.7331397591565 53.567085660255444 59.4157515157531
86.44241186337025 83.32502542157955 80.98988786643486 63.045748953734474 5.339648409215226 71.96200454891579 55.23564738375421 44.07126309726096 28.876656348008957 27.063892741588326 56.26689290486836 71.65424278827558 32.840302026171706 4.743167937557258 7.6181792448903884 96.11917045574089 20.091793610942265 13.342630177734737 86.44284359088668 26.844175250429615 53.29042250284864 50.8072817142525 62.49271165636059 31.281224131215524 53.838804595904385 61.7506107356735 11.894520121994779 67.87118992736053 31.767970692980462 25.933675004136745 41.33615349716121 45.35338252801332 84.906694742605 15.783028166228775 43.755229255380534 39.73592024219242 84.41132209393574 15.991106776458807 17.806743799729084 74.5403602283272 98.62128795915942 57.39350988033638 42.46691138960498 68.47437224609779
50.17351817237126 4.362130506434236 90.00437792530884 3.3071775879366716 10.622702789724137 13.699914197570262 64.54059746301792 84.97337309170663 72.38395004182196 32.115181398430416 73.46518626379557 0.9607428382113592 63.24613855919241 96.0486118890778 9.46812535692284 57.062167633235596 58.097394464138254 19.834054848208616 75.21458135187346 94.79112234744142 22.939544802391797 86.0233950426124 16.442260940348707 49.01513927994821 9.508338981370912 92.55600164199512 13.8161315136892 42.97334614114804 44.342790263097676 88.56308811758788 26.868052172197654 85.30031194960296 10.429453854183024 55.57306657639052 68.4977664788856 57.49790798536072 81.18327318313996 54.39248402601269 49.49068731423741 25.167172510510007 83.55110800383575 7.849134216531373 77.7045234218757 45.80727212870105
61.944010021631776 93.29303308477255 27.885021814548484 35.47628050436773 4.249746150313783 89.00875661072608 67.3686261277232 48.995002360201845 10.972124807726713 46.78239131466802 25.44859273245934 77.78353401068429 20.141430646080416 62.231454576582834 98.87178356971432 83.19206091515868 2.919584686485377 36.29107654615671 21.041175732617546 2.446902210214641 26.94134970639229 31.76249256672673 90.61031376042362 6.824737971862749 13.553221657552484 43.90390095190681 75.64723412009742 61.7105178945505 0.9544056730876882 29.923246610531816 46.165426462168 87.94510379063564 27.97296369938951 92.58756431068745 93.68795602748699 96.03630852919908 0.45499194786272623 47.209144273828215 38.08029488155593 7.946535311651603 63.64896517471765 97.86551126321822 48.41659046439629 11.977700350210974
98.80904685260084 82.560031186418 54.16912781159231 80.6764095373531 53.82076493447969 5.556212261411064 12.2470321183493 37.42555870337993 35.57817137234552 31.96584382842942 37.4831545980685 77.36348186070524 14.457506567962408 29.333786435423015 71.44334574013618 27.79685129751821 15.992445366606256 43.4368902438843 79.86580711558682 99.63623393076688 69.52749006573143 32.516166399218115 43.83888859391495 75.5399097165608 89.37854598191049 59.02860468782705 34.57109362325793 51.27973994465898 81.13746272330815 0.7437374657394913 38.661058839804284 70.41292102645993 1.6711114518134784 33.15373577554538 54.63264698591422 82.14964506753437 94.50730616553943 45.96047989025087 83.12951180129801 77.34230450038395 76.84969876156816 92.88381976863572 12.584792401241273 18.827987763894114
31.900120954119103 62.23097614723686 3.844773774789978 58.248945650864016 47.820237253595074 97.26688949563219 96.80263620803738 46.55018829113713 28.168993637699614 29.469854102851865 23.738581560537007 46.79616453260792 26.229612624067567 46.27016961595397 87.5060980827737 99.13321894402527 21.34057331766582 47.31830243800527 12.343956653774569 61.89638498960527 48.44322006749212 6.6699419190024205 80.69100159790055 41.0789777935253 93.34597610314944 15.663064219522195 38.189853243303084 77.82158464840941 73.52959597226312 95.04213442843262 72.99681763530192 9.11299394277597 13.352038981140513 38.9558784330393 93.5374997195178 56.77159804285709 73.3615816645804 55.706082788436554 45.09899576270966 54.29029744997782 32.494000903040266 16.478228722655153 91.00504093291669 29.728843971529162
0.5398962438226795 40.83489641858654 9.123026931165457 2.4580457639952535 38.3320152017914 39.80100409639107 63.13100126754959 20.17928277527349 11.35954021661002 32.25109664210951 12.977551168949386 63.09423873068775 90.0864036092519 16.920778956336157 81.56061734360028 96.75129264279119 96.8855075256297 37.97315698196374 59.92815662627166 76.65343161189608 93.10984119171776 6.786005087166669 68.88404768624822 37.95977699049603 5.767785575275008 75.7480556332227 15.407987410904777 70.32690558358276 96.69706978771269 80.22093356264021 51.262307127533965 56.91468952038321 81.70094567327465 29.56548083901539 35.799265151568946 67.89891014815356 69.87279861166145 3.4767359950583443 45.02223363899718 22.16254963375741 90.19708358375571 89.39583913643077 16.41446878337466 7.8743312062321325
56.963885162174954 83.50325519916896 54.761945440234214 92.97372840000797 8.945503118094866 36.14934976641704 26.187499619813448 6.004470041259102 71.41917581921733 3.9827159216613395 34.37600984611616 73.86727380973731 32.309091198307314 13.492531846833888 6.204808715671328 83.50805532290919 45.21814329762037 21.25013405319882 98.42293558049452 70.88110911387055 71.22330449578841 87.23892177493576 88.53443124197553 55.57063448538276 1.510784135027432 22.249881554386207 10.065711420078093 58.9894998781472 46.55044245464748 0.5379757852364997 60.355016415184984 73.67510376291595 96.82734563140225 93.65726314374847 93.14971002921905 13.63048252379835 82.43117701077821 20.671428230862688 94.71756579409985 5.836000210977554 45.40892241243203 70.08575069878444 70.47694381968304 41.11040455682896
