tin.asc
NCOLS 251
NROWS 251
XLLCORNER 2
YLLCORNER 3
CELLSIZE 1
NODATA_VALUE -99999
[rows 0 to 18 of 251, columns 132 to 175 of 251]
36.81886736462672 62.08174428758545 86.49752848734407 25.79501326521797 70.79305828324928 88.71167782231323 94.3128972177327 94.09543768988684 95.72720951724976 3.011492443753916 6.531291000741691 84.76828855200287 43.43764475798735 90.84058462644936 18.083397266513067 32.1112702147234 92.44527001856963 76.3711886261167 10.681077490449177 13.239285655301803 86.37535751732723 51.39863742003441 87.54587944990551 51.572216561134 60.51144616879586 65.42727415866511 84.9296239590857 44.34223110549215 11.937343397481904 6.679482604536469 68.89554805198588 86.8028072781271 91.81313168812821 98.96568000445275 25.358851804335835 66.79093863574782 22.71790211223633 79.02337238262508 57.54683397539536 68.14934217979359 26.233921065219533 87.08895306183257 50.92015470660417 54.26921694524286
8.080873781974917 16.421491522739128 10.417891079013808 89.26535570160975 39.2938879235964 20.99377560674339 71.61729303670266 56.28200166416424 83.85642470857037 91.79660383234223 37.23634251646304 0.47672675921083263 93.7539787186948 87.67637998094501 87.43410908587984 82.25921941207956 3.59448936132859 47.644413507369386 42.20720888036609 59.267674549325896 45.82470446861214 77.10630920890287 63.00004805487406 26.12753055962279 5.7813218379042635 36.19097893233789 30.89676578227585 6.11699982111682 24.829014218934077 60.77809858343532 20.881130052606633 3.989083115734604 61.22724754344993 67.71800310759772 57.43674535059967 58.00437979565505 72.14922077194235 76.86701935023986 10.288906873639847 70.713528559739 1.0058573653464964 57.31674369679236 90.33375354851744 90.79912886941872
59.2334333745365 48.83113798876882 90.41668363826531 27.370540727866967 27.924593995081427 43.440972108749165 93.99118984439977 61.38294824393529 59.83522669669558 86.63138729848379 23.237896652573887 43.024380829628086 3.767171785483525 88.59736376762608 82.66221458257472 15.929342655894363 37.650896454539726 52.16272032365379 96.22943953840473 70.90099411244456 3.41805143796885 32.98308576955189 6.937441702377423 52.49582625307947 64.64439447936401 27.601499299248754 20.412780085188796 75.61962269548037 5.618760662390332 29.78481013329769 42.86335971166749 98.59867062514508 26.021635375875174 93.7290986548749 26.43856821456383 13.995293254555696 8.090449789039667 74.6101370838237 88.65340900224477 23.521507819356547 55.529256916333836 3.9610751484151607 64.11082392600525 45.91333080203588
54.109944254833586 91.88193497712764 12.072811993646958 36.19583399602922 57.894784547836665 30.500589565433913 67.76596069074262 16.004689914043457 73.53704264618689 97.63849258424496 82.75253480816382 74.97159636007382 3.952272006151669 0.5379476555577689 22.998124190817393 42.03056941127333 53.88301009031663 84.29133815196272 33.7833625466881 14.9238088925709 86.76181178850211 24.054335335037212 12.730139488667714 27.797794753858117 87.26139480227438 91.01371223477854 10.007191217290467 94.13102805581055 19.139871818463604 40.10704271449185 61.700329234528475 23.796157030039645 98.34679483306853 44.05591334082881 17.603510868250527 42.264665007467684 12.967683330340208 73.31569870527058 14.404250844564148 90.7203615053476 83.80651718704559 67.23695368062292 51.26983883443149 81.1012685060659
0.07642792866012771 96.8741214645705 99.43328216715666 42.455708542149154 74.89458644220393 41.424894952468016 9.160589031545063 99.25273451434073 25.929997374663515 80.20250048949914 80.6399333876234 62.183725222975994 35.661315596751706 6.22476798693029 51.76816966221532 4.5660683578917505 37.17197389918575 47.08601035978441 64.59078637652237 5.94233063981352 81.69683194740547 54.477680106455196 62.69584132813446 79.70734911391338 13.648611676865762 74.54809745860803 85.20800269695381 29.812584690326627 35.22262801587197 61.6754609595485 23.614596738422666 38.30468499461487 96.38704282605478 48.73332661277821 51.29359720627252 85.82492137869465 17.940347876447895 33.93977597117798 59.62163389849947 52.0743317128724 88.79826951537831 98.54803082825433 4.760168309374524 18.285309674868998
62.49318226297357 11.232746877917588 12.523075940524187 45.62763108270927 47.79655406049152 74.95241665705524 37.32253798734237 44.42291453446507 70.54795894917623 52.019175085914426 35.785428926620455 81.23075095346056 10.816973306399913 11.793465615778276 54.83081273836441 11.59529005316432 61.706977928264195 30.344486859116216 49.988415815233736 0.5177432274303784 69.6348665911582 33.972906594046 56.362590599352416 15.768371560957418 56.995665830191 10.58558337333919 86.2228174390726 28.607678693442118 2.3314133781388913 17.534736522379557 48.33926726847365 31.9534750386689 22.498561107594472 48.9318538076117 38.09540128831348 28.080692126330177 60.77973674751187 31.83600222032249 40.70086332987933 32.338853856057035 22.10209809859026 96.349972372976 58.69803695550176 18.544731018635908
32.45053121880235 56.18537096206434 3.470533761433947 59.837196380569345 63.815713911517435 0.6987100694688886 61.58735959342607 27.754697201293453 72.94964992050676 52.509681953547286 90.60426444448491 7.699197049051854 4.990106699825192 52.27534421132641 80.41358808488526 27.449225575208768 8.613043848841462 96.2492761804253 0.28604081319741903 27.034168702115625 90.49659492842392 3.2457638519666765 47.263642748218224 2.8248177255244755 50.26403909989371 19.84841974195739 74.95219043770719 51.06120428417994 69.57822070028939 46.67120541258707 42.61472651071887 63.21354743172315 90.84442532919664 75.45087862517144 61.42156783253891 2.768462740451705 59.86450138246139 67.3545914127733 94.8790913653874 89.08311798346563 69.56437251705177 48.47500308026338 13.04037981600209 83.9029374006087
97.43449099569406 45.490553555670296 19.14376905352011 50.74037793089495 45.537519954458375 97.5302857436326 92.2523895262279 41.94622738930026 8.031442512151 31.026838265762912 86.1935792684998 94.39664637038604 45.43707964638389 37.25941461554719 94.56478214666454 22.520444314844802 74.20752674581269 12.228531159356349 7.990333025125141 26.282707300315433 53.684194292201205 10.735045035630575 27.54478885304047 61.51365275957868 16.380896049874238 90.24462532094202 87.5592151272572 30.433381089958754 86.64653889626723 64.18301913533075 27.83710478459891 31.318686940814576 71.81918869132863 21.432006607815524 18.035876744609702 50.23460939224776 98.80597214561308 94.9898636059555 88.79003820298071 7.187629036574538 30.439286704304035 74.88007060460325 4.255407867200212 58.33880818066379
63.94920466267937 51.710809360490686 98.63593930313999 0.6345113778720157 7.798913098211758 0.3547728129957739 83.68528315755658 20.25016753412948 32.465306532918206 28.41501242639849 89.27025644381142 22.383198116382307 49.71968643320128 83.7597912016519 48.66488375136101 62.284227679090876 49.704291105764355 53.90171952825267 36.952272880752666 65.7657391695518 33.88388356919301 36.74847582180472 50.9252113549544 74.35351047727583 55.46040516812476 78.08353382410772 86.77431482834658 24.979108357236523 2.1596449212648583 77.10354455332887 70.35121381855643 79.95945794409343 73.88336616047995 61.04669019633753 3.0152402758297003 9.505414618287677 10.305513889028607 58.40231626133904 62.05587232338362 3.0498261839091767 66.7231846610448 81.09619681055315 31.751791232685267 9.781041174272465
27.14777129330985 44.33773903732307 19.3884299648882 7.537919801394388 65.97766187455424 75.14418904731801 18.771700114772084 40.45648032247251 20.38444286296659 47.540086193957876 50.20430875904549 16.842811995724027 39.95366989679701 46.128014201985344 69.3882972903173 45.505178309948455 7.98567803770357 43.43046515153204 29.59917823840086 7.328188595438956 26.382868555286223 6.273902030127676 9.918236960894088 82.8771785746266 5.4031962634805915 7.375145508326164 55.89918265860534 50.787491510742136 77.74558849254134 48.05341029361547 5.708852451002566 34.03074547424699 53.93574071862517 69.76820288589472 93.80307377834477 93.43868390286978 25.02010621607993 84.48691522877533 51.453400365115876 8.603396398042662 76.30516598283627 97.08109097470275 13.363951991649659 2.9754050822603073
83.4253548790717 20.016895690066384 33.30235417393103 47.69865568900724 50.768443626139515 74.260154633114 86.92658631524895 80.5569579212907 47.687436059188684 67.11178237501619 79.04856485377927 71.08581940703982 89.66854356412969 47.41270538943577 69.79919087691387 99.27153279865635 77.32086975419521 87.23649372180037 77.28141598880465 86.0348283412833 48.96219181196858 93.13186640226972 29.71512733590248 61.35444425115354 67.02978976556676 50.80017039260402 1.413738200288417 61.17216806946089 75.13460293272877 1.5690561965844174 1.2498055756925863 88.05938465922335 36.777002906787494 60.78544323275597 79.3927958716324 59.63898468320183 25.28278636746486 62.95134982806007 8.264149580686508 19.75401935287454 48.77800035843474 39.851528936280886 84.48281830822053 36.09130301155113
94.21724026350478 73.49067163327705 71.00340810239616 49.520517728499094 61.79998549192587 37.01029746566824 91.69891922688106 10.131473817872482 36.16985780017874 36.27253820536628 66.81159878380463 88.81189144530484 24.604408891884255 80.96892939522738 31.779694381879487 30.51856415309542 60.18934607820074 15.052955509665845 4.710947000650356 77.88363572065636 67.01917021542727 40.73939746707498 31.90167668231402 82.55365435618842 7.681963234131106 95.99786018613084 25.891631301840434 19.817061227165645 67.95924125002053 67.86692970101753 20.79627586281737 59.90000391423828 59.14634885996322 73.08708271616304 99.87985406461603 79.68372456441838 61.80999938770625 8.235448617660124 66.61474464015433 10.472176537752265 7.996275792091955 72.32816837785568 29.321313635921076 35.29762676124732
98.05517710176872 87.09115869987897 53.87761904335395 7.062962554936824 26.281242259257155 8.844484265300345 42.174587829026386 45.3827146709998 19.570123757619463 94.79270259536969 90.44598525590895 7.0556651156435946 37.99030373719733 2.09225119349874 14.420764217036108 83.66253098972074 29.665246667313127 19.454376694848886 88.86700560291267 18.569407118277127 69.55864044653194 98.2065854636381 70.77329602056375 71.62882718087104 93.96204742120725 57.98611247109776 44.5717848502887 87.36616711319436 42.79418745190276 93.61400836023083 61.694518834320554 74.952593932446 93.13321026213353 9.788498337084672 72.90343895112683 13.417692240797807 59.54977276056432 44.361758513750814 75.24433899034965 9.342273368239384 58.49079784523297 45.46737061026437 30.088765654600703 92.30760365445082
88.40397591425038 3.739501668171452 77.27903764727586 4.604646212092122 27.028345218649285 63.1584058258603 23.083797623237288 76.69302440657918 99.21085693662513 2.8852175544334724 34.24954642164009 21.75338856849227 60.0227886606523 40.63098622093374 86.40658579821935 95.72046510043377 13.432417337874325 51.30184189994343 7.144714748338021 23.760165025508794 34.35280736644325 42.14181704170748 16.325616131944642 31.29013194961926 70.47709100082159 30.35687168369381 91.01395130406257 53.44643361504836 28.01251405334807 5.181092288345246 79.3265918210224 52.20673659143793 87.20760217234901 50.35549589407346 83.80675801493766 23.411910606692167 92.4379882631974 25.417312738097753 78.12529428567113 49.506191985827684 3.872963381589245 54.86459061541203 88.72919959792195 76.11094377014868
14.885007103381852 6.677695871452604 48.454706090265766 4.0675218263896635 50.282741568143564 65.4486280227908 77.23420037471796 68.39096700267359 10.59625263635433 46.28494940651486 75.87970157838569 95.8225501998689 28.79808934310233 88.54697012318935 87.88271424174485 16.22286279045695 22.48967822900979 64.33368413644196 97.76053141037522 6.690728574092642 91.58580003882126 65.33181331764438 68.59495974572735 44.17703003691387 9.301886348016897 31.091612804859135 88.25745002242105 61.628596888256894 84.34347425878195 20.694151521221205 26.543367686541263 32.16241275548553 44.53714449252024 43.89890042146401 10.87834518675168 59.25703098621958 4.36091444411002 23.29475617524983 63.71257092139705 24.248488213951212 11.31184221047552 58.80389603493158 44.10883656759832 49.51836296792165
51.08086804024 31.311330426050855 33.594378067754306 23.21302333161681 5.530736194006536 22.69240493839653 33.88065674985575 68.3173635289206 24.282448939833056 34.23112211341762 1.9874589782354124 45.1352286858378 8.974635701890199 0.8944267419160767 81.18005007546077 79.40896723821905 66.85782880602828 68.45160114421613 99.8865445140818 32.56442522360764 87.9399491036566 13.557450879781818 38.773606360895016 64.14024199308948 6.725891952383034 77.56410132481739 24.557275521041532 10.733627395310751 64.232886826313 86.93639248474989 42.973647360100664 17.627445337091384 34.20567173287223 91.66189916780954 11.889117537414062 21.33443854822642 38.49774769713877 91.96838102538094 61.911438733657754 37.99099867383 63.90863766817859 66.37336764536846 71.97815500437379 41.767056969491314
58.07511314636955 46.36280383810657 9.932640349670208 75.65761380988717 7.6751993291259035 77.41826539309501 82.85958053778451 70.06296687782196 83.04704934706054 38.789059593980966 52.02103738989036 80.95524925868901 97.95477379920649 59.58589883741424 59.336247226079976 16.33151913721277 93.41005062137145 77.16715921597267 95.23640324353954 78.46907361026129 57.11151977323912 63.33882907184418 78.66367620497107 17.99997830328732 26.596546693451618 2.629517509608126 23.589862666365025 11.792495118279167 46.482683278322604 20.933097007508227 48.51950263103978 55.3074088215572 40.48972275181828 78.24259117210129 61.44153212322959 40.10589502155108 18.298422543421168 63.971878369098455 46.4095455632782 13.326921892156907 34.8115715862043 47.61433548159061 68.82988123182054 90.77027948107308
53.418080446677784 33.65754394509426 11.020321940144918 69.27463707282226 39.327469531006855 23.465421204516858 95.32037573597111 1.2598327902748396 45.18130982823908 54.427732028916445 99.598557682975 31.182822750222616 98.92000119762903 86.98979249050689 60.28731440445877 8.446292569083447 7.299286427298557 90.03887199065919 27.470371916351432 50.805139145173115 78.92074196589485 46.58626837805966 76.27417271434997 8.251115012946997 20.88922637786961 62.32522423915749 96.60195501060339 95.70665290398198 0.32892761569242035 40.048057004826376 67.66666240389284 24.01335357863219 82.45403851584834 40.313654264841304 19.857700615839015 63.35561469384084 44.01783279455712 36.01894353358548 90.83774078532461 5.032362064114116 69.84798135161331 56.84988594413295 42.86550403795659 16.519427593357825
51.27103545228257 35.864211039311755 8.125686003337162 13.783307683418332 78.87571454083098 72.8888462549247 53.50588033132225 66.73026241709266 24.561544120819878 15.3263303011964 7.137962652453467 31.20491066522686 32.74855405477752 25.50212306167422 91.68380747886658 86.96777023253141 80.27579236960598 92.31674519216159 11.092212304288928 42.94182372178553 8.414799682967445 50.24258667170483 75.6190920147371 66.63971803040029 75.84242324647732 25.900050314406187 17.29774298337283 37.995625366471764 15.726474336228002 15.20792093331551 82.65000906532572 23.793049991486537 78.93731986770851 97.23657797522762 74.2050992130141 38.78176215812862 45.956781372260544 47.2245184386914 71.95763308746555 75.2295791854508 50.619162174356006 41.84761796971146 11.946632030028292 3.4857015844863892
