tin.asc
NCOLS 251
NROWS 251
XLLCORNER 2
YLLCORNER 3
CELLSIZE 1
NODATA_VALUE -99999
[rows 133 to 151 of 251, columns 0 to 43 of 251]
106.92835537464876 108.45711834110489 108.83604835351757 109.29275149011532 109.9468236271533 110.3722828204455 110.64540805071027 110.75343909720391 110.92819409384654 111.13680632178088 111.34541854971522 111.55403077764956 111.76264300558388 111.97125523351822 112.17986746145257 112.38847968938691 112.5919158795356 112.77264632979293 112.95337678005026 113.13410723030759 113.31794491684903 113.62383348294001 113.929722049031 114.235610615122 114.48288348030879 114.67403951499207 114.88459973730559 115.18255167994236 115.48050362257908 115.7873777405297 116.09573029025788 116.40408283998605 116.71270180758329 117.08932360887263 117.58082275860835 118.0723219083441 118.56382105807982 119.05532020781553 119.54681935755124 120.03831850728699 120.5298176570227 121.02131680675845 121.51281595649417 121.95068608002093
106.60255815739065 108.26410817684226 108.64303818925492 109.02196820166758 109.68067796613353 110.10613715942573 110.32266732692845 110.48651692306018 110.69512915099452 110.90374137892886 111.1123536068632 111.32096583479753 111.52957806273186 111.73819029066621 111.94680251860055 112.15541474653487 112.36402697446924 112.55899637404765 112.73972682430501 112.92045727456231 113.12911059202409 113.43499915811506 113.74088772420606 114.04677629029705 114.33837149129715 114.52952752598043 114.7206835606637 114.95540112238824 115.25641486986888 115.56476741959702 115.87311996932522 116.18147251905337 116.50638418879794 117.01026523772006 117.50606773091974 117.99756688065548 118.48906603039123 118.98056518012694 119.47206432986268 119.9635634795984 120.45506262933412 120.94656177906984 121.43806092880556 121.91711604021212
106.27676094013253 108.0710980125796 108.45002802499226 108.82895803740493 109.41453230511378 109.83831249600613 110.00565245711107 110.22984138569801 110.45403031428495 110.67067643607683 110.87928866401117 111.0879008919455 111.29651311987985 111.50512534781419 111.71373757574852 111.92234980368286 112.13096203161719 112.33957425955153 112.52607686855973 112.70680731881706 112.94027626719912 113.24616483329011 113.55205339938111 113.85712176803095 114.15831833945438 114.41648259539335 114.5958938514097 114.77530510742606 115.05392645962068 115.3815936300884 115.70926080055611 116.03692797102383 116.37695665298556 116.79781571657763 117.3051597756087 117.81250383463976 118.31984789367083 118.8271919527019 119.33453601173295 119.841880070764 120.34922412979506 120.85656818882615 121.36330590111699 121.85480505085272
105.95096372287445 107.87808784831695 108.25701786072962 108.63594787314227 109.14838664409403 109.5074217585341 109.71067299956431 109.93486192815124 110.15905085673819 110.38323978532515 110.60742871391209 110.83161764249903 111.05580657108598 111.27206040496216 111.4806726328965 111.68928486083084 111.89789708876516 112.1065093166995 112.31242691281449 112.4931573630718 112.75144194237419 113.05733050846516 113.36041448343411 113.66161105485753 113.96280762628093 114.26400419770434 114.50647046709767 114.68588172311404 114.91480282181014 115.24246999227785 115.57013716274555 115.89948425894528 116.24752911717317 116.59557397540105 117.09271025446625 117.60005431349734 118.1073983725284 118.61474243155945 119.1220864905905 119.62943054962159 120.13677460865263 120.6441186676837 121.13896788372543 121.5892789861652
105.62516650561633 107.6850776840543 108.06400769646697 108.44293770887964 108.82675114323976 109.1915046134306 109.41569354201752 109.63988247060448 109.86407139919143 110.08826032777837 110.31244925636533 110.53663818495227 110.76082711353922 110.98501604212616 111.20920497071312 111.43339389930004 111.65758282788701 111.87344437384748 112.08205660178182 112.27950740732653 112.56251062741389 112.86370719883729 113.16490377026071 113.46610034168411 113.76729691310751 114.06849348453093 114.36969005595434 114.59645833880202 114.77586959481836 115.10334635446729 115.431013524935 115.77005672313291 116.11810158136079 116.4661464395887 116.88026073332381 117.38760479235488 117.89494885138595 118.402292910417 118.90963696944809 119.41698102847913 119.89224601378079 120.34255711622056 120.79286821866033 121.27634848137735
105.29936928835824 107.49206751979165 107.87099753220431 108.249927544617 108.62885755702963 108.89641407618572 109.12041634294168 109.34441860969766 109.56842087645362 109.79242314320959 110.01642540996556 110.24042767672154 110.46442994347751 110.68843221023346 110.91243447698946 111.13643674374543 111.3604390105014 111.58444127725737 111.80844354401333 112.0324458107693 112.35330518000976 112.66819648566386 112.96939305708727 113.27058962851069 113.57178619993411 113.87298277135753 114.17417934278093 114.47537591420435 114.68644621050635 114.96422271665675 115.29258432909266 115.64062918732054 115.98867404554842 116.33671890377632 116.68476376200418 117.17515527121242 117.6824993302435 118.18984338927459 118.64552414383616 119.09583524627591 119.54614634871568 119.99645745115546 120.44676855359522 121.04312058847867
104.97357207110014 107.299057355529 107.67798736794167 108.05691738035432 108.41488715020681 108.57299824257362 108.80425489911988 109.03551155566615 109.26560692489876 109.48960919165472 109.71361145841071 109.93761372516667 110.16161599192264 110.38561825867862 110.60962052543458 110.83362279219057 111.05762505894653 111.2816273257025 111.50562959245846 111.72963185921444 112.04800212232547 112.37519953218985 112.70239694205421 113.0295943519186 113.35679176178296 113.6774720581841 113.97866862960751 114.27986520103092 114.58106177245432 114.82509907884618 115.16315679328028 115.51120165150817 115.85924650973605 116.20729136796393 116.5553362261918 116.94849117145172 117.39880227389146 117.84911337633127 118.29942447877102 118.7497355812108 119.20004668365056 119.65035778609035 120.10326352289817 120.77950825552897
104.64777485384201 107.10604719126634 107.48497720367902 107.86390721609169 108.1296102462906 108.25395353155479 108.47553092038746 108.70678757693372 108.93804423347997 109.16930089002624 109.40055754657251 109.63181420311876 109.85880204036779 110.08280430712375 110.30680657387971 110.53080884063569 110.75481110739167 110.97881337414762 111.20281564090361 111.42681790765957 111.74269906464122 112.06989647450558 112.39709388436995 112.72429129423432 113.05148870409869 113.37868611396303 113.70588352382742 114.03308093369179 114.36027834355615 114.68674763070433 115.03304854813699 115.38036728033109 115.72768601252523 116.07500474471932 116.42232347691343 116.79370507200593 117.1987818779278 117.60385868384968 118.00893548977155 118.4140122956934 118.85394701858546 119.30425812102524 119.84490074766286 120.43863844157539
104.32197763658392 106.91303702700371 107.29196703941636 107.67089705182903 107.84433334237434 107.96867662763853 108.14680694165503 108.3780635982013 108.60932025474756 108.84057691129382 109.07183356784007 109.30309022438634 109.5343468809326 109.76560353747887 109.99686019402513 110.22799488908082 110.4519971558368 110.67599942259278 110.90000168934874 111.1240039561047 111.43739600695693 111.7645934168213 112.09179082668565 112.41898823655004 112.7461856464144 113.07026269859026 113.39129503997984 113.71232738136939 114.03335972275897 114.3545715155595 114.68090097934814 115.03037836564098 115.3798557519338 115.72933313822664 116.07881052451947 116.47072813551544 116.88770887533701 117.30468961515857 117.72167035498012 118.13865109480167 118.55563183462324 118.97803540463269 119.50834481249258 120.10354465731504
103.99618041932581 106.71212274825068 107.0989568751537 107.43471315319397 107.55905643845814 107.68339972372232 107.8180829629226 108.04933961946887 108.28059627601513 108.5118529325614 108.74310958910766 108.9743662456539 109.20562290220018 109.43687955874644 109.66813621529272 109.89939287183896 110.13064952838523 110.36190618493147 110.59316284147775 110.82119000454985 111.13170279543903 111.45273513682861 111.77376747821816 112.09479981960774 112.4158321609973 112.73686450238687 113.05789684377643 113.378929185166 113.70008679192397 114.0213567987357 114.34262680554738 114.67409013851507 115.0235675248079 115.37304491110076 115.72252229739358 116.12940395627376 116.54638469609532 116.9633654359169 117.38034617573847 117.79887251132173 118.22585136793597 118.6528302245502 119.17353494331499 119.76873478813744
103.67038320206771 106.38632553099258 106.90594671089107 107.14943624927773 107.27377953454192 107.3981228198061 107.52246610507027 107.72061564073644 107.9518722972827 108.18312895382897 108.41438561037522 108.6456422669215 108.87689892346773 109.10815558001401 109.33941223656026 109.57066889310654 109.80192554965281 110.03318220619906 110.26443886274534 110.52690274392752 110.79830459923564 111.1193369406252 111.44036928201476 111.76140162340434 112.08243396479389 112.40346630618347 112.72449864757304 113.04560206828846 113.36687207510019 113.68814208191188 114.00941208872358 114.3306820955353 114.667279297682 115.01675668397485 115.37109903721056 115.7880797770321 116.20506051685368 116.62204125667525 117.04668847462499 117.47366733123923 117.90064618785348 118.33049088397442 118.83872507413739 119.43392491895987
103.3445859848096 106.0605283137345 106.71293654662843 106.86415934536151 106.98850263062569 107.11284591588986 107.23718920115405 107.39189166200401 107.62314831855028 107.85440497509654 108.08566163164281 108.31691828818907 108.54817494473532 108.77943160128159 109.01068825782785 109.24194491437412 109.47320157092038 109.70599039079167 109.9745217639761 110.24305313716054 110.51158451034499 110.7859387444218 111.10697108581135 111.42800342720093 111.74903576859049 112.07006810998006 112.39111734465294 112.71238735146466 113.03365735827636 113.35492736508807 113.67619737189978 113.99746737871149 114.31873738552319 114.66046845684895 115.02977485796889 115.44675559779046 115.867525581314 116.29450443792825 116.7214832945425 117.14846215115674 117.575441007771 118.00975128864675 118.5039152049598 119.09911504978227
103.0187887675515 105.73473109647637 106.4545391561811 106.57888244144527 106.70322572670946 106.82756901197365 106.95191229723783 107.07625558250199 107.29442433981785 107.52568099636412 107.75693765291037 107.98819430945665 108.21945096600291 108.45070762254916 108.68196427909542 108.91322093564169 109.15360941084029 109.42214078402469 109.69067215720912 109.95920353039354 110.22773490357798 110.4525405482184 110.77357288960798 111.09460523099752 111.4156375723871 111.73666991377668 112.05790262782914 112.37917263464084 112.70044264145255 113.02171264826427 113.34298265507596 113.66425266188767 113.98552266869936 114.3067926755111 114.68845067872724 115.11534154461728 115.54232040123152 115.96929925784576 116.39627811445999 116.82325697107426 117.25023582768848 117.68901169331909 118.16910533578222 118.76430518060471
102.69299155029339 105.40893387921825 106.16926225226489 106.29360553752906 106.41794882279324 106.54229210805741 106.6666353933216 106.79097867858579 106.96570036108542 107.19695701763169 107.42821367417794 107.65947033072422 107.89072698727048 108.12198364381675 108.35324030036301 108.60122843088887 108.86975980407328 109.13829117725773 109.40682255044214 109.67535392362657 109.943885296811 110.2124166699954 110.44017469340454 110.76120703479413 111.0822393761837 111.40341790419362 111.72468791100533 112.04595791781705 112.36722792462874 112.68849793144045 113.00976793825217 113.32763021187438 113.62416585308085 113.95660977457221 114.36315750792055 114.79013636453479 115.21711522114904 115.64409407776327 116.07107293437751 116.49805179099177 116.92503064760601 117.36827209799144 117.83429546660463 118.4294953114271
102.36719433303529 105.08313666196017 105.87401580740337 106.00832863361283 106.13267191887702 106.2570152041412 106.38135848940539 106.50570177466956 106.636976382353 106.86823303889926 107.09948969544553 107.33074635199178 107.56200300853804 107.7932596650843 108.04884745093746 108.31737882412187 108.58591019730629 108.85444157049074 109.12297294367515 109.3915043168596 109.66003569004401 109.92856706322844 110.19709843641289 110.42780883859074 110.7489331805581 111.07020318736981 111.3914731941815 111.70747847595874 112.00401411716521 112.3005497583717 112.59708539957818 112.89362104078464 113.2459347527791 113.64845868588425 114.0509826189894 114.4649311844523 114.89191004106654 115.31888889768078 115.74586775429503 116.17284661090926 116.5998254675235 117.04753250266378 117.49948559742701 118.09468544224953
102.04139711577719 104.75733944470207 105.55175261703849 105.6944879649926 105.83722331294672 105.97173830022498 106.09608158548915 106.22042487075333 106.34476815601752 106.53950906016685 106.77076571671309 107.00202237325935 107.23327902980562 107.49646647098604 107.76499784417047 108.03352921735491 108.30206059053933 108.57059196372376 108.83912333690817 109.10765471009262 109.376186083277 109.64471745646145 109.91324882964588 110.08732674004314 110.38386238124963 110.68039802245607 110.97693366366256 111.27346930486902 111.57000494607551 111.86654058728197 112.16307622848846 112.53525973098598 112.93778366409111 113.34030759719626 113.7428315303014 114.14535546340655 114.56670486098406 114.99368371759829 115.42066257421254 115.84764143082678 116.27566660686125 116.72679290733612 117.17791920781097 117.75987557307192
101.71559989851907 104.43154222744396 105.22948942667358 105.3722247746277 105.51496012258184 105.65769547053596 105.80043081849007 105.93514796683712 106.05949125210128 106.2107850814344 106.44204173798069 106.67555411785021 106.94408549103463 107.21261686421906 107.4811482374035 107.74967961058792 108.01821098377233 108.28674235695676 108.53715456158682 108.77623131229132 109.01530806299579 109.25438481370026 109.49346156440474 109.75344998032197 109.94985321015989 110.24638885136636 110.54292449257284 110.83946013377931 111.13599577498579 111.43253141619226 111.82458470919286 112.227108642298 112.62963257540315 113.03215650850828 113.43468044161342 113.83720437471857 114.24149968090157 114.6684785375158 115.09545739413005 115.52243625074429 115.95492701153361 116.40605331200845 116.8571796124833 117.42506570389435
101.38980268126097 104.10574501018586 104.90722623630867 105.0499615842628 105.19269693221692 105.33543228017105 105.47816762812516 105.62090297607931 105.76363832403342 105.89855763344924 106.12317313789882 106.39170451108322 106.6438947133419 106.88297146404639 107.12204821475086 107.36112496545536 107.60020171615983 107.8392784668643 108.07835521756878 108.31743196827327 108.55650871897775 108.79558546968222 109.0346622203867 109.30599023816286 109.57912610670509 109.81237968027665 110.10891532148311 110.4054509626896 110.7113857542946 111.11390968739974 111.51643362050487 111.91895755361003 112.32148148671516 112.72400541982029 113.12652935292546 113.52905328603056 113.9315772191357 114.3432733574333 114.77025221404757 115.1972310706618 115.63418741620595 116.08531371668082 116.53644001715564 117.09025583471674
101.06400546400288 103.77994779292776 104.5849630459438 104.72769839389791 104.87043374185203 105.01316908980615 105.15590443776027 105.2986397857144 105.44137513366852 105.57537329902635 105.7069418679149 105.94601861861938 106.18509536932386 106.42417212002833 106.66324887073282 106.90232562143731 107.14140237214177 107.38047912284625 107.61955587355074 107.85863262425522 108.09770937495969 108.33678612566416 108.58539462746155 108.85853049600377 109.13166636454596 109.37837050918692 109.67490615039338 110.00071073250146 110.40323466560662 110.80575859871175 111.2082825318169 111.61080646492202 112.01333039802716 112.4158543311323 112.81837826423745 113.22090219734258 113.62342613044773 114.02595006355288 114.44504703396507 114.8720258905793 115.31344782087831 115.76457412135315 116.21570042182802 116.75544596553914
