tin.asc
NCOLS 251
NROWS 251
XLLCORNER 2
YLLCORNER 3
CELLSIZE 1
NODATA_VALUE -99999
[rows 0 to 18 of 251, columns 0 to 43 of 251]
-99999.0 -99999.0 -99999.0 -99999.0 -99999.0 -99999.0 -99999.0 -99999.0 -99999.0 -99999.0 -99999.0 -99999.0 -99999.0 -99999.0 -99999.0 -99999.0 -99999.0 -99999.0 -99999.0 -99999.0 -99999.0 -99999.0 -99999.0 -99999.0 -99999.0 -99999.0 -99999.0 -99999.0 -99999.0 -99999.0 -99999.0 -99999.0 -99999.0 -99999.0 -99999.0 -99999.0 -99999.0 -99999.0 -99999.0 -99999.0 -99999.0 -99999.0 -99999.0 -99999.0
-99999.0 -99999.0 -99999.0 -99999.0 -99999.0 -99999.0 -99999.0 -99999.0 -99999.0 -99999.0 -99999.0 -99999.0 -99999.0 -99999.0 -99999.0 -99999.0 -99999.0 -99999.0 -99999.0 -99999.0 -99999.0 -99999.0 -99999.0 -99999.0 -99999.0 -99999.0 -99999.0 -99999.0 -99999.0 -99999.0 -99999.0 -99999.0 -99999.0 -99999.0 -99999.0 -99999.0 -99999.0 66.59294878076275 66.70731549378425 66.82168220680572 66.9360489198272 67.0504156328487 67.16478234587018 67.27914905889165
-99999.0 -99999.0 -99999.0 -99999.0 -99999.0 -99999.0 -99999.0 -99999.0 -99999.0 -99999.0 -99999.0 -99999.0 -99999.0 -99999.0 -99999.0 -99999.0 -99999.0 -99999.0 -99999.0 -99999.0 -99999.0 -99999.0 -99999.0 -99999.0 -99999.0 -99999.0 -99999.0 -99999.0 -99999.0 65.15250064108749 65.05428855296803 64.73329010535463 64.43275060374651 64.23710166271594 64.25981323144656 64.37417994446804 64.48854665748952 64.602913370511 64.71728008353249 64.83164679655397 64.94601350957544 65.06038022259693 65.17474693561842 65.2891136486399
-99999.0 -99999.0 -99999.0 -99999.0 -99999.0 -99999.0 -99999.0 -99999.0 -99999.0 -99999.0 -99999.0 -99999.0 -99999.0 -99999.0 -99999.0 -99999.0 -99999.0 -99999.0 -99999.0 -99999.0 -99999.0 -99999.0 -99999.0 -99999.0 -99999.0 66.67874847169496 65.87138114655639 65.08146075358623 65.15919493824919 65.14890206481348 64.90590727671234 64.68064617161862 64.18371912612145 63.82800142075416 63.49025724263769 63.29460830160711 63.09895936057654 62.903310419545974 62.72724467328072 62.841611386302205 62.95597809932369 63.07034481234517 63.18471152536665 63.29907823838812
-99999.0 -99999.0 -99999.0 -99999.0 -99999.0 -99999.0 -99999.0 -99999.0 -99999.0 -99999.0 -99999.0 -99999.0 -99999.0 -99999.0 -99999.0 -99999.0 -99999.0 -99999.0 -99999.0 -99999.0 -99999.0 -99999.0 67.54039776672444 66.69477054209845 65.84249468854918 65.01042086608497 65.08815505074793 65.16588923541089 65.24362342007385 65.00762076010118 64.76462597200003 64.5340610940527 64.14496055777727 63.64479672384841 63.27843044152098 62.922712736153706 62.566995030786416 62.352114940498296 62.15646599946773 61.96081705843715 61.765168117406574 61.569519176376005 61.373870235345436 61.30904282813638
-99999.0 -99999.0 -99999.0 -99999.0 -99999.0 -99999.0 -99999.0 -99999.0 -99999.0 -99999.0 -99999.0 -99999.0 -99999.0 -99999.0 -99999.0 -99999.0 -99999.0 -99999.0 -99999.0 68.3704357911898 67.51815993764053 66.66588408409126 65.81360823054199 64.96133237699271 65.01711516324669 65.09484934790964 65.1725835325726 65.25031771723555 65.10933424349001 64.86633945538887 64.62334466728771 64.38034987918657 64.10943877786477 63.609274943935915 63.10911111000705 62.7288594622878 62.373141756920525 62.01742405155324 61.66170634618596 61.409621579389466 61.2139726383589 61.01832369732833 60.82267475629776 60.62702581526719
-99999.0 -99999.0 -99999.0 -99999.0 -99999.0 -99999.0 -99999.0 -99999.0 -99999.0 -99999.0 -99999.0 -99999.0 -99999.0 -99999.0 -99999.0 -99999.0 69.19382518673186 68.3415493331826 67.48927347963331 66.63699762608405 65.78472177253478 64.93244591898551 64.94607527574544 65.02380946040839 65.10154364507135 65.1792778297343 65.25701201439726 65.21104772687886 64.9680529387777 64.72505815067655 64.4820633625754 64.23906857447425 64.01383363513739 63.57375316402341 63.07358933009455 62.57342549616569 62.17928848305463 61.82357077768735 61.467853072320054 61.112135366952785 60.756417661585495 60.46712821828064 60.27147927725007 60.0758303362195
-99999.0 -99999.0 -99999.0 -99999.0 -99999.0 -99999.0 -99999.0 -99999.0 -99999.0 -99999.0 -99999.0 -99999.0 -99999.0 70.01721458227394 69.16493872872465 68.31266287517539 67.46038702162612 66.60811116807683 65.75583531452757 64.9035594609783 64.87503538824419 64.95276957290714 65.0305037575701 65.10823794223306 65.18597212689602 65.26370631155896 65.31276121026768 65.06976642216652 64.82677163406538 64.58377684596424 64.3407820578631 64.09778726976194 63.85479248166079 63.538231384110915 63.03806755018205 62.5379037162532 62.03773988232434 61.62971750382145 61.27399979845417 60.91828209308689 60.5625643877196 60.20684668235232 60.0584717997949 60.07643292264626
-99999.0 -99999.0 -99999.0 -99999.0 -99999.0 -99999.0 -99999.0 -99999.0 -99999.0 -99999.0 70.84060397781599 69.98832812426673 69.13605227071744 68.28377641716818 67.4315005636189 66.57922471006964 65.72694885652037 64.94399102846131 64.80399550074294 64.88172968540589 64.95946387006884 65.03719805473182 65.11493223939476 65.19266642405772 65.27040060872068 65.34813479338364 65.17147990555537 64.92848511745422 64.68549032935307 64.44249554125193 64.19950075315077 63.956505965049615 63.713511176948465 63.49360617622205 63.00254577026954 62.50238193634069 62.00221810241184 61.50205426848298 61.08014652458827 60.72442881922098 60.36871111385371 60.164804254860535 60.182765377711895 60.29065061816452
-99999.0 -99999.0 -99999.0 -99999.0 -99999.0 -99999.0 -99999.0 71.66399337335805 70.81171751980878 69.95944166625951 69.32553570607685 68.7140252413475 68.10251477661815 67.4910043118888 66.87949384715945 66.2679833824301 65.68664916859346 65.15743515233413 64.8884239825676 64.96615816723056 65.04389235189352 65.12162653655646 65.19936072121942 65.27709490588238 65.35482909054534 65.27319338894421 65.03019860084305 64.7872038127419 64.54420902464076 64.30121423653961 64.05821944843845 63.81522466033731 63.57222987223616 63.32923508413501 62.96702399035705 62.46686015642818 61.96669632249934 61.46653248857048 60.96636865464162 60.5305755453551 60.27113670992616 60.35723256997632 60.47365547945839 60.59007838894044
-99999.0 -99999.0 -99999.0 -99999.0 -99999.0 72.48405945423367 71.87254898950432 71.26103852477499 70.64952806004564 70.03801759531629 69.42650713058694 68.81499666585759 68.20348620112824 67.59197573639891 67.01205939844512 66.43449012188533 65.85692084532552 65.43570877145923 65.07526954439514 65.05058664905522 65.12832083371818 65.20605501838114 65.2837892030441 65.36152338770705 65.37490687233304 65.13191208423189 64.88891729613073 64.64592250802959 64.40292771992844 64.15993293182729 63.916938143726135 63.67394335562499 63.430948567523835 63.187953779422685 62.93150221044454 62.43133837651568 61.93117454258683 61.431010708657965 60.93084687472912 60.585147953010434 60.54023743127017 60.65666034075224 60.7730832502343 60.889506159716355
-99999.0 -99999.0 -99999.0 -99999.0 -99999.0 72.58503087874378 71.97352041401443 71.36200994928508 70.75049948455575 70.1389890198264 69.52747855509705 68.91596809036768 68.33746962829679 67.75990035173699 67.18233107517717 66.60476179861736 66.07442161764843 65.71398239058433 65.35354316352024 65.13501513087988 65.21274931554285 65.2904835002058 65.36821768486875 65.44595186953173 65.23362556762072 64.99063077951956 64.74763599141842 64.50464120331728 64.26164641521612 64.01865162711498 63.77565683901382 63.53266205091267 63.28966726281153 63.04667247471038 62.80367768660923 62.39581659660318 61.895652762674324 61.39548892874548 61.216114043927256 61.23403567202486 61.164239169771996 61.094442667519125 61.072511021010214 61.188933930492276
-99999.0 -99999.0 -99999.0 -99999.0 -99999.0 72.7462933910793 72.07449183852452 71.46298137379517 70.85147090906582 70.24044913470826 69.66287985814844 69.08531058158866 68.50774130502884 67.93017202846903 67.35260275190923 66.77503347534942 66.35269523677354 65.99225600970945 65.63181678264536 65.27137755558127 65.2971777973675 65.37491198203047 65.45264616669341 65.33533905100954 65.09234426290841 64.84934947480727 64.60635468670611 64.36335989860495 64.1203651105038 63.87737032240266 63.63437553430151 63.39138074620036 63.14838595809921 62.90539116999806 62.662396381896905 62.36029481669069 61.860130982761824 61.84708013484407 61.88343449144808 61.87106520585398 61.80126870360111 61.73147220134823 61.66167569909537 61.5918791968425
-99999.0 -99999.0 -99999.0 -99999.0 74.36318037230168 73.0639179052275 72.18470095390009 71.56585936455993 70.98829008800011 70.41072081144031 69.8331515348805 69.25558225832069 68.67801298176089 68.10044370520109 67.52287442864129 66.99140808296275 66.63096885589866 66.27052962883455 65.91009040177047 65.54965117470638 65.38160627919217 65.45934046385513 65.43705253439839 65.19405774629723 64.9510629581961 64.70806817009495 64.46507338199379 64.22207859389263 63.97908380579149 63.73608901769035 63.49309422958919 63.25009944148803 63.00710465338689 62.76410986528573 62.58448303936388 62.45717012948052 62.4780462257609 62.5144005823649 62.55075493896891 62.508094739683095 62.43829823743022 62.36850173517735 62.298705232924476 62.228908730671606
-99999.0 -99999.0 -99999.0 -99999.0 74.74980216136467 73.53037152385889 72.3562218945976 71.73776995642953 71.15880647719696 70.58099248817234 70.00342321161256 69.42585393505273 68.84828465849293 68.27071538193313 67.69314610537332 67.26968170208785 66.90924247502376 66.54880324795967 66.18836402089559 65.82792479383149 65.4674855667674 65.53876601778722 65.29577122968608 65.05277644158492 64.80978165348378 64.56678686538262 64.32379207728148 64.14904073281708 64.02172782293371 63.89441491305034 63.76710200316697 63.639789093283596 63.512476183400224 63.38516327351685 63.25785036363349 63.13053745375012 63.15692810249856 63.18332282723452 63.214920775765066 63.145124273512195 63.07532777125934 63.00553126900646 62.93573476675359 62.86593826450073
-99999.0 -99999.0 -99999.0 -99999.0 75.13642395042764 73.99682514249028 72.5277428352951 71.87820484090079 71.33305344764206 70.75408996840949 70.1751264891769 69.59616300994435 69.01855633522499 68.44098705866517 67.90839454827706 67.54795532121297 67.18751609414886 66.82707686708477 66.46663764002068 66.10619841295659 65.74208129483054 65.57096599669075 65.45897260650354 65.33165969662016 65.20434678673679 65.07703387685342 64.94972096697005 64.82240805708669 64.6950951472033 64.56778223731993 64.44046932743657 64.31315641755319 64.18584350766983 64.05853059778647 63.931217687903086 63.81462698497842 63.84102170971438 63.86741643445035 63.8932649397063 63.85524001189323 63.76244160477313 63.669643197653016 63.57684479053292 63.502967798329834
-99999.0 -99999.0 -99999.0 -99999.0 75.52304573949063 74.46327876112167 72.75943185965797 72.00216765440271 71.4916634264875 70.92833693885459 70.34937345962202 69.77040998038943 69.19144650115686 68.61248302192429 68.17618214492319 67.81014640305018 67.44411066117718 67.07807491930417 66.71203917743117 66.34600343555816 66.01202242259939 65.93256556086699 65.85310869913458 65.77365183740217 65.69419497566975 65.61473811393734 65.53528125220492 65.45582439047251 65.36846247147291 65.24114956158954 65.11383665170615 64.98652374182281 64.85921083193942 64.73189792205606 64.60458501217268 64.49872059219423 64.5251153169302 64.55086163423167 64.57659599106705 64.61793622565341 64.568349558695 64.4755511515749 64.3827527444548 64.28995433733469
-99999.0 -99999.0 -99999.0 -99999.0 75.90966752855361 74.92973237975306 73.22588547828936 72.13767133881338 71.61562623998942 71.10258390929968 70.5236204300671 69.94465695083453 69.36569347160196 68.78672999236939 68.41406854377779 68.04803280190478 67.68199706003178 67.31596131815877 66.94992557628576 66.58388983441276 66.37362198677562 66.29416512504322 66.21470826331083 66.13525140157839 66.05579453984599 65.97633767811358 65.89688081638116 65.81742395464876 65.73796709291634 65.65851023118394 65.57905336945153 65.49959650771912 65.42013964598671 65.34068278425428 65.26122592252187 65.18272397192162 65.20845832875702 65.23419268559242 65.25992704242783 65.2954699566914 65.34284147110642 65.2814591054968 65.18866069837668 65.09586229125658
-99999.0 -99999.0 -99999.0 -99999.0 76.29628931761658 75.39618599838444 73.69233909692075 72.30919227951087 71.73958905349136 71.22908482557614 70.6978674005122 70.11890392127962 69.53994044204705 68.9609769628145 68.63960099814007 68.28591920075937 67.91988345888637 67.55384771701337 67.18781197514036 66.82177623326734 66.73522155095186 66.65576468921945 66.57630782748704 66.49685096575465 66.41739410402222 66.33793724228981 66.2584803805574 66.17902351882499 66.09956665709258 66.02010979536018 65.94065293362776 65.86119607189535 65.78173921016295 65.69302165568295 65.60069751721247 65.77660022633462 65.89178938011779 65.9175237369532 65.9432580937886 65.97300368772939 66.02037520214442 66.06774671655945 65.99456865229857 65.90177024517845
