tin.asc
NCOLS 251
NROWS 251
XLLCORNER 2
YLLCORNER 3
CELLSIZE 1
NODATA_VALUE -99999
[rows 38 to 56 of 251, columns 176 to 219 of 251]
76.79543632850209 30.185043187179538 61.148899594799786 51.42955612122516 21.384685412434855 60.24605625436561 36.0835361319925 0.9724331096629624 99.46334816243272 77.926746224961 65.17981222650413 8.547614605832688 45.53302800878779 76.57616737874693 74.83604536702516 77.38454976310956 64.44462621585356 52.88334430004923 65.06784402617973 42.01997567274174 0.7895152316678367 90.36947767765436 90.77683810647433 76.11680660193272 51.90045038265691 54.04714799684236 87.33493923436956 11.225327200387515 45.84171672142768 16.94258643755815 63.79731665153226 83.94736273519237 94.5342535144737 86.81341790889448 11.010764636172087 93.66937656518584 47.148169560580236 72.3847240812909 58.45643538559071 25.742405821212277 3.796898759379541 97.98948994339149 41.270490005526185 28.870171805900892
20.180901461571988 86.3609487695448 48.44051391639781 21.799267862987183 95.34212734481095 36.92309236876642 8.345230499643186 78.65586890162857 18.603204551895512 21.517014087999474 4.079004161112499 11.702296508293376 57.11903755057903 27.894644679198777 16.511586170543204 70.81493440588183 64.92454528881385 72.11466789262896 42.389911509597496 95.46993104150708 99.19717656516566 47.376267186652385 3.713313594946921 20.14060558971448 0.06182125240558056 40.603130947163066 27.391386797013205 30.419501013283302 57.951087094548285 23.985939676812507 97.0996606419455 40.64224367831757 63.81528927295399 44.54815250666263 86.54427903022317 67.70250221176816 56.083974526147415 31.289102274963852 88.33740558787083 73.43569238154059 78.41680069170938 27.963265076692522 38.198000528585816 71.05424444614663
23.464206498364003 33.74399486057326 1.349844917215759 98.19360103430857 55.682932099236226 12.84732964805645 14.77327486124399 37.288232973360955 25.616575238750407 82.2719879632392 83.4424876722214 53.36556156708494 72.32695537185785 97.192578658196 39.709604698059586 65.62567487311982 17.719970570813935 72.64247668697918 72.02270748443101 48.0582609080475 78.52006771886916 18.964048344581542 5.687315469459408 1.2560453939574168 67.45089940505254 50.465256108176135 33.45713864157992 5.2302173866852435 36.371613263339434 85.76160946705413 58.52676214906604 64.27196698048395 98.73353373650923 10.18716863024377 45.994191698194406 64.29894306110616 46.86813068612719 55.61058836374645 55.698479513345056 21.42964317299956 4.956592627262402 1.063623343760478 67.28171999315052 57.24260185586198
7.2660066974294395 59.66353228435677 35.09875390344064 24.22304075360866 54.580173760980564 24.507052209071823 90.2038494930551 52.66758163583254 43.14305786986 14.276686866301846 82.89153141883209 11.634152599079773 35.967944573082555 2.249420908761157 95.7071388385171 64.75606386675912 63.68395117490378 76.94067514791708 77.41103028196522 40.76503847901955 65.36580986029684 5.0705425592640685 47.09176793657358 51.228747046511316 93.5088047173836 30.071123812266233 65.00124238793038 47.08788104417877 49.33795074859455 27.921814092257502 71.05342018256123 4.372904600481231 83.44571336591852 40.857908463542294 68.19742885845322 70.94385305564465 11.495918129009475 53.012684232302675 51.43727489814349 17.024131887822602 77.39341468175105 54.235867110965074 76.89746851404186 88.75463037240353
98.28219469535543 3.761825639904093 81.74929898508995 80.68339214570663 18.898914942997436 41.22479224202431 55.14888866414162 11.34082083987179 44.4946186644361 59.53209136647369 96.7486489945669 44.84911652453608 57.85456193363395 86.33318589587347 51.69348289407324 10.460340622577903 86.90768229218897 17.92004547623658 40.156364232667585 95.11020792190519 82.31851737745444 98.64285669906542 80.04959784367806 80.6153523073525 55.51132223291197 27.85914300890111 17.29285205142429 45.50358787420761 74.6450035060683 49.99056893229965 77.49090751207103 22.215828932730187 30.053422155732367 63.48791556103994 27.263673747711113 81.74769027814833 84.73386244498464 45.5675148392971 96.87431150541032 41.38738545286002 41.159797049750644 41.564828870367634 92.79299457430682 41.310118161774
23.64311544220399 69.3476402863889 29.871746838270987 50.79138782292135 97.7343354949839 41.89693478563172 24.259783440643968 98.82694119087243 17.854134597462725 35.301391669561255 12.878318690918322 16.5694286316615 28.50622107160119 71.78616237812876 34.76459561951732 80.54950734018792 32.00264873402019 73.5355334817147 62.242787965043156 50.188986028156044 49.60528399707793 78.88749018001018 33.88850167464942 50.77312273386284 41.716973122410174 8.676114185857585 17.17375322928375 85.0193950340046 47.898322762612246 83.8536354123776 89.93515315776204 11.894572159714778 74.08648644904609 94.3940006315199 48.64102577457338 77.10060912148657 75.43317127518698 47.94720069588067 94.71230126826003 88.11440298741924 3.4413081508909427 21.58989923433743 21.569547249362685 88.66578073570558
27.997803982330083 74.49646971397677 47.86110583963728 6.0665391681442244 91.43775097934969 93.23027740685052 8.224309691924848 52.89008473923218 3.550265456543822 25.941008049648428 41.37418057760205 45.529928327046996 91.66647122964201 10.751273961441987 16.25109433803943 51.27659101505584 90.03894289013722 8.467193702649144 62.741463112160964 48.04285666691273 73.3059726553471 41.45760643030931 38.577437378349266 30.372508069267734 3.552972748397043 85.30971535472543 43.33349721502541 62.450361962072755 2.157351188935852 70.01453215802599 5.995846679923744 34.9042645875451 26.807312433610765 45.08730633301942 99.76735413665594 19.04190654280272 96.94267242618488 77.41096687984566 6.950528442337833 68.1460548581599 37.87277014502482 78.27067263059449 17.971509514989805 51.8903421857275
34.1258507838061 84.65494199657341 18.50884952446443 4.4960642002078615 6.754141746387932 21.23366775460519 69.32038468021592 98.00849418987599 40.354059182300794 47.69505263490797 64.19212306933215 32.50235927371913 69.77318210146636 8.888052094543152 3.1560087765309164 34.01365139472552 77.61223310898528 69.23238244149054 64.42296968856033 46.96742520211183 45.53413970754182 8.384006892217045 97.03737286617677 71.16722354414635 5.8840525702654745 44.84269589119436 98.62644010168788 2.4739051561982084 3.858438949565246 91.09724589930327 62.27222648219405 42.27311304864082 69.9371035881147 28.02862681500692 40.29012150986443 81.10153078370388 80.87640646898488 21.742294197368228 49.93373179310042 63.984877536000994 49.48353958206051 29.808737806735998 68.00476384258002 71.91178145184682
72.65582532437752 47.089613044221515 61.89206179821958 75.33705231737413 79.490312472226 82.21029586829947 66.84609198100894 6.5707484155359435 7.667066947628642 35.94038689941092 14.853125431630488 53.1021876557008 22.075947851925292 60.771976092824545 43.37655974109905 34.92792673891086 52.51990089200795 36.06457546325108 66.21827241443337 36.890346230944246 15.604972614082202 47.29623339258904 18.37122482616156 77.84960470437811 69.41186032503352 63.0811776368881 4.316317190113339 25.288959626333472 68.3026351409799 26.279334703372072 92.10822064909198 93.99249104230171 44.046843537850144 82.8054731666089 15.200651898582795 58.02831400149751 79.84717616033394 58.73472357327758 69.87899621078255 25.299333322346484 73.58492521719369 98.00284513078488 5.809156931715731 62.24485547593977
95.7610949008999 80.66161648438927 20.11560163530791 89.78942736392867 0.7944673232506028 57.33772254037828 25.870680806497493 33.02451069788505 58.91358817695471 90.7546306661179 67.52193010654283 36.19666875033675 66.67131006351528 89.32819543597297 4.455969277889782 20.808894014205524 96.36733277011493 72.65851118591378 75.892776034074 47.90618744656935 11.115318972575594 28.807352781288664 18.17158978110428 27.369160990285557 40.028930385400486 99.51299435083808 54.415533784087344 62.744064970102066 19.98365710272074 83.37035764813348 74.46897917733192 8.600169120360125 76.45687550709425 13.518757991430252 44.71238901495549 32.85717319542197 49.955597196382975 99.42839252005498 39.825635989019545 85.33277760178395 63.17067770558295 6.688045685548705 60.29077165088849 84.50844256933658
40.672515230789884 90.9070079117463 14.580446547946767 24.512651982486645 12.176840249278332 79.25022162954438 48.46488455021423 2.86436265696709 35.43947739216322 9.561642064282294 48.445603358775124 67.16193861660375 65.88341176525775 62.701989599297626 10.422250878539796 55.55845409337709 53.833869991595215 75.66070056641864 14.273123189360737 12.999712098660133 31.080770562322424 47.29260239852252 97.82120584375696 57.839242140577426 63.28566320525357 61.17800676190876 18.629197499317517 12.357871851758361 46.610473809114474 93.29073127417404 65.15322278379917 73.8926879181783 88.5868646426148 19.284464079798948 2.0777734947201143 19.276109636635642 52.252647914273 16.00415997358101 44.82683919754985 43.68388345948736 86.76609347901632 3.2030890516169253 12.961426647439712 26.02634953925729
76.59438394849751 49.97159152421211 22.455106145578984 31.880932076301495 10.38076039742225 75.44958895674266 0.30614806568155517 96.42997930393518 62.76026739828393 69.96225353363486 43.61263928656412 17.25032115848839 38.390061871499384 28.163818895572767 33.852670884549966 69.17183488018637 79.44269010584826 21.455481057177593 98.4643500472795 0.40316079593285536 90.5328702582817 5.926404150059628 12.5276213876647 55.39072871797123 78.48772174244893 94.67924964063194 28.614198279219693 20.458328636707368 50.51644220464424 78.99977068496926 75.24650335983326 16.438139230236317 41.59605950087243 44.1208179820906 6.233278965946809 5.815842316954245 57.243728105361704 99.0174346807001 16.91033671331812 29.66777359050582 84.86386600925098 77.01649535795927 23.400374897163267 7.124527719561879
73.05092065738961 6.723039111889606 19.76789030902635 35.32119966093701 53.239165079447496 48.34849356910589 22.01939782558765 65.56906599987148 25.27459997601853 34.16391996220815 50.85601602877507 50.7009882157594 59.546761615324705 69.54386428400795 12.987372735691183 71.14925273484272 83.50843164995662 23.8502378607112 30.812137103365757 93.28164234042173 59.85099218618615 16.606358912268536 3.4587506512221977 98.70325735163246 66.36448898474805 50.118939297084296 97.72077705461928 18.138653946555227 31.816891891554132 37.64683557754607 61.70519211731465 52.63966412421528 85.56390197273956 78.87669263647122 65.05825449890261 56.44889976406808 87.6423182411152 7.902634383900853 16.23906477992779 46.675901975585155 60.60990534334972 73.02160683301669 99.922533534589 23.610554330955246
18.710004755504993 38.997799415291425 44.56612216336677 47.137982122825896 70.33637540453618 97.91488852605478 68.20647822936816 25.33501261570965 23.218789044631706 53.31859328991949 54.0719399484205 95.47291171869638 11.163878096151148 62.749301527343135 23.684940626788876 75.90517228903833 39.97327326234199 54.728231923179024 85.4628083564532 54.6774515092262 66.44239395219671 93.69868927042816 14.292478965599898 95.38133574258649 45.848481675727456 32.85018518013369 17.505373326570194 30.087137242307328 94.85600622473176 79.90969227413221 44.75265293997669 84.51541627680947 2.969869871635744 31.43678926261516 7.124119304330101 91.00142910842231 32.38900678266712 55.299499320337176 72.72730600910371 17.398804956341095 62.46436162897098 82.40265824829656 55.596791546943166 1.3700861874864523
96.54615563180472 19.705409621814407 60.07208102080603 72.9056929551058 10.147525627379594 10.22796142682848 90.18854477600843 0.4132206333345101 15.55834586926409 81.40661911734729 63.67721473466723 47.05078369352943 42.140481988795905 14.4303471995892 82.09297239097079 68.97155427155306 9.459195678662214 25.100527233077074 90.75016559081087 36.20225576652301 58.96901665396711 45.382957888531564 55.99921126168886 32.93104761088665 68.36556013872678 40.25872951216275 10.758076732353361 40.15557816148141 1.7774797750861548 26.474443388811984 32.196920979664235 27.317419772838637 76.33648011917175 42.084280238294944 41.177818608369535 45.372460437919734 18.876241209784062 81.69122297245892 1.2236633028346877 30.685041816291413 78.07904101878854 23.015521611624678 83.31265147857916 80.50982108015562
25.327380228493233 2.197262526732413 41.42067815216851 44.279705641778556 88.88815209047142 57.2664199601293 82.42957466005211 17.650749311394186 88.25446741012144 48.36844143666369 25.272773012878048 67.27944929507613 2.847581579331304 51.22771082466545 69.651110712196 7.326902235880306 83.24538180121365 14.163731309870798 14.922958795738438 53.12441047671781 18.918614463743634 20.86845208514516 10.447837613675992 81.69549423187621 41.14022681203249 47.701881307890524 52.860939794422855 62.150289096241785 76.04917519590713 59.335325601119294 13.200343446319163 96.70819698471797 38.521347740786595 76.92873172245304 90.93306585916116 33.8109808602318 35.22487914507184 21.07351301886512 95.69116593795259 86.45270145125792 89.15451522219429 2.9835814738344735 72.63804796516699 81.74831077281235
30.833256489387562 84.73426188426167 67.05886269719463 41.81302464991358 19.041678161610875 32.889110696960714 58.54677960361991 72.85162822927037 43.009756830344905 51.27033461764714 87.61677229367629 53.068900630811086 85.62537767047583 30.12112525004812 63.1219866622632 20.04793105308844 35.378627995906065 46.62057881559413 55.31760641520517 69.33190345672725 58.59759859155885 71.52788775596312 64.18794497160908 72.13937152789407 7.669390959276279 67.40176999545432 12.364279356480779 18.47668567600812 65.35880639655473 48.72221856354595 91.39107424206428 77.73763431364485 89.922118003616 84.43536316614818 98.05758598590745 61.256040484051844 23.53948625214234 66.24948190623157 67.71283606506005 38.92928223355157 38.818375488043785 41.50162971406785 1.825914507968529 22.322716340461024
66.31822006522874 15.289365252388343 85.0246890077705 97.41840101026715 83.73726477906885 77.73766429043735 49.95902231061803 75.42908074789455 2.116736481945869 24.08190739381858 52.170422693504705 95.32688990524105 95.95354793968755 66.77871722626453 89.58182832404039 38.34586594516384 42.378923329008735 73.0299732186096 90.7284600652253 88.4516917083379 75.81797523833488 96.17478557327453 49.55702148433709 46.1580335664162 78.19797860332828 97.34463228398201 18.742664205304404 99.23372409643505 52.79828127129641 86.75497850527582 45.81664292346343 42.11809221900705 87.93680051977614 16.491726226083227 40.16637604058582 52.61526196227527 51.29292633367365 22.248103645226934 46.818884264675155 23.565423761233617 71.2288431712353 66.72221425327693 48.8383546648388 76.19242025707983
89.59007272900152 55.052784466702164 1.605963975698188 70.66635679369617 33.37342699850513 44.75296692904623 69.7159674075968 30.84449193287151 22.101392533051477 88.42837465570453 10.93497882206539 40.341709828357445 56.59293426972704 57.297153933223214 1.8697198893737 17.55104311662099 31.58012969884779 40.17128554821 89.64736221689364 13.884162255890987 99.07671689671697 19.366412643375607 83.55442214667484 49.92892322193882 43.497654466479354 69.58593496823157 71.06799996915649 57.76097095766228 56.60788110389213 9.262098704658717 88.62848609898765 72.29916518361514 20.78335257750259 52.786927033585194 45.896615114306684 78.92160600030904 76.35872243877458 61.063089712075524 60.01207705437355 97.06941191682597 41.25090770658465 57.538592141633885 78.39036209096038 19.63117202686978
