tin.asc
NCOLS 251
NROWS 251
XLLCORNER 2
YLLCORNER 3
CELLSIZE 1
NODATA_VALUE -99999
[rows 209 to 227 of 251, columns 132 to 175 of 251]
85.16668572242831 12.480807594657195 69.26405126285331 45.47567109713228 57.79705970028649 91.27880074694536 26.358733546670056 52.859914679926526 58.332844274310894 46.80253194925592 85.68561924207721 13.177400300020626 96.10512670001289 66.66351691730111 46.60804831141079 19.968112542572303 90.67314611766997 5.930030895664151 32.25975394550825 76.97890222468322 57.84386975217017 52.732949063968725 24.54420765120452 64.23055501688572 23.289875092700886 72.45498838234549 31.185981039189812 91.08544112893135 75.14111234197301 80.67424815877831 90.2103696677664 35.96629581864501 28.437755056816137 15.863399548958357 90.79312339884036 37.85224791866694 88.77551022702008 84.05449146668256 99.00156321438459 16.558703783948015 38.987744043815674 6.499474858233755 88.85519862617798 63.8541824368434
79.56270715718486 97.90015691454484 33.58631328036421 37.47531416174337 20.433563076915608 63.18336399461004 85.2870517209255 53.842358672588134 12.23852139265258 53.58067743550956 35.504520293399025 77.14297881909617 2.9776602715221423 46.12304840375167 51.17808804499704 69.77511863347111 23.397455900947016 22.94368250612725 44.029270904740194 28.836056551915924 78.12733420346282 90.85677225336651 86.97453426811187 99.8489299049621 46.15183897592492 8.560001827784358 64.61337642754981 6.408596911219644 2.2479492908513365 80.95417410967546 12.664464471581471 83.42051063703806 39.30419999510081 79.93876702099621 16.182954158827656 99.96571633412773 43.862225009132636 77.28637026992111 96.62972642640088 76.09654864696208 96.61187868409422 76.79185339372101 59.652276321443175 68.75060198421352
76.58060166167185 28.760681947067425 46.785903032559396 8.627120086652418 17.61193541239293 6.085465222948261 88.11697455705672 73.78637183705182 80.1736387827993 36.51327771061923 81.18777191696819 35.93941272634423 67.42826977606468 36.02305418578818 46.497004574485125 90.71642862016823 43.98105334210582 81.39564423647798 10.973674380313703 3.974053234359065 81.18382301025247 90.00716690183928 9.753771560954071 17.937452466207617 85.47133670007709 81.03667679321602 10.621933633179037 98.69265776777156 92.19097084263876 70.1612412832602 45.686185656518816 60.615426126887606 63.38825746795352 12.27804638886738 6.628640673693031 13.271358397585331 7.831582192572584 34.712886113666826 93.7384818563972 29.333931796113987 97.39480612007627 49.83373394338514 54.24112425524371 96.70551885717002
46.97277568687765 95.0859266845591 38.48781573670878 53.68586773934898 85.34513151978037 72.91706868461527 75.778584373469 39.157077932381924 3.41225025696702 80.7429666799808 94.71024301156505 77.28931585742232 38.42020868125774 56.62476774183549 53.72587729193664 75.80628396822402 26.057809462139257 2.7191141766934934 61.53873491273231 92.09705695449033 42.99041565526451 72.17364945360544 32.751993101904105 88.26505013994057 59.881886150760224 35.936809870180376 8.604755218106186 67.83119174454903 89.12540564695817 42.81241677203628 97.5860011995909 27.20664974877992 87.36391224862291 64.55513217757579 61.729408978679956 8.893975291757306 81.54644992617828 85.55431852879668 34.04942110269323 90.52956749733156 80.56813767879008 98.101312129255 78.16364560543674 33.00687190675225
88.43944796982449 36.16562483025737 86.33082685970746 23.513667720664376 76.215106596307 20.76170074157001 49.8749198840861 11.168592392824328 1.4348316649714588 11.564922239784547 42.09725374916573 61.78738674910576 13.586469937520206 6.062915037134731 26.167858010718415 80.52803937863933 74.2081073737308 11.293146252855202 18.704235935348834 57.201833202210636 68.86105842480164 34.862102574443995 97.71460093307849 37.59215186291733 11.4595523993548 71.77995560385696 74.83554667780875 20.31084228334945 81.5761727072277 21.31009033571982 57.498152675161705 73.229214515706 31.477229550977547 31.712233343102213 63.779081708054704 54.60153301522628 0.6999491966911853 86.96055992677975 7.584937465779951 65.64312160272696 10.122447150967373 71.9780114536362 27.474439216433055 55.323467978297515
33.386741897058336 14.246266003374675 28.671257139643902 7.182275170817043 35.22919949949337 15.493961263100386 86.10932690947627 30.718891796391055 95.24034522434721 62.8862300631736 39.13458164402305 32.716002186249305 89.59754405486058 24.363578278435448 2.2712368945332795 45.95786337869504 79.13082926156989 90.59325803526714 26.46628609453201 91.2127577126017 1.2498540121998136 80.81799505097045 65.60022420719757 98.78756993690267 28.61456979418119 87.93356422372834 63.505019501227636 83.86804646995185 75.06051309766139 96.44008073081999 42.42195529356967 3.513853047248816 49.80268077728248 29.055761146537506 48.81145593979884 4.397399790958644 52.9662485702505 8.16608886277379 48.879485107004584 57.105328428354305 74.38340188028968 46.710732906837784 68.47467800942651 83.2756059370151
78.90909501108447 10.21098914085089 88.93538717293148 13.711058645725771 77.92348236939507 1.6513926177457616 31.75245378980238 57.43517866520798 66.59378661233434 72.54437412951474 14.835219774951858 39.34075875423322 11.532791571916912 80.52492130405949 0.058944890178047604 36.12186134979678 79.63514054733363 81.62175937576565 8.859105260763922 23.0159695045692 78.89749115848613 57.3970032929939 71.69098157427459 55.92121849916839 20.901110471837658 84.70092523428792 8.419420509028885 93.00123485855998 98.85681946046309 42.35967919538398 73.204615625839 51.88507869683118 16.757602490802793 28.733809313762414 13.751067013485363 25.146121997469205 68.26674989730638 69.50254814996775 15.589378789331876 93.55250477243891 22.67613066102765 46.28292254473499 75.56098838994436 55.623966576676075
50.85278752781376 53.57978622222967 64.8405994977107 21.449124340678193 87.97075071007899 43.22047056845471 23.055994620606835 11.55893754838868 15.639128374308731 26.768662524220368 13.166651550440722 30.188562806764306 6.756592959259178 46.09805781239308 16.429105539041046 8.201516718590195 84.38929886649605 26.33727068138597 83.15831943238554 46.97639403648316 99.82719412579577 97.53318777351386 26.251160930683813 26.236824560542928 65.10273030456315 81.26869114146 90.71246005674172 96.08478820788574 61.369178178064885 66.66255265350503 26.791899622815418 16.873568564638564 62.21152084865068 13.00951001446492 66.31391189948201 84.01369976378041 55.16837387741719 66.5928261683262 84.31787984712614 2.7911026035990605 83.6564110380679 57.093222703490795 24.215093712517465 63.452805805616606
81.69568618712599 18.410486197766485 42.59992420863038 87.00109435875264 91.73355652296483 32.22926935187848 26.19548764480657 55.65665340356127 64.925309588212 97.04816133595328 0.22812476318525565 93.96556357997267 83.19466702903237 72.86105999509998 47.0909718024484 29.49631861828772 83.73588775927412 5.783305531028948 79.6727125486783 33.275362180598044 30.702096437467375 16.592640044937724 8.02000839194591 37.35467913381398 40.58573724692821 86.64087956874886 56.25778075550111 16.724308811596 76.14633602362618 34.39581502417974 37.793552676550526 36.45733920911247 37.199997883019506 31.272749370627974 33.85651414994988 13.551334686748074 3.8798248418552728 3.9851612787739965 78.89913926239883 75.95895520257329 87.17025154798377 8.830906709937503 50.94270083999318 63.235173504473565
98.12796734046663 15.837078775461212 83.10456018740398 94.90109555952992 57.34906024484256 50.85841519696031 57.05528509735692 10.379277990706226 20.252617569891605 30.307860575075985 74.03635862481856 12.413340429353193 93.67514465025386 35.91124912410309 69.56519006497854 27.150890417402408 57.29089225910663 67.14640624607866 99.96837884265052 2.3438539025054994 36.54331103187999 22.195310332187347 73.13561506096185 33.00895549761391 82.01641755279842 22.13602288533687 18.45995411823862 58.91640138949216 31.1617566078954 30.02880358485297 13.854086245482844 52.90161442028608 83.18229102420702 69.61630682639635 45.103208405086505 95.4997462952868 14.37060516059131 1.6949910327589301 34.65597964297174 13.372025937032362 68.57487553249251 15.101038361428587 78.07867978049676 3.4604444186659755
57.64217239045893 21.310605172251083 97.190860057065 98.35886402437194 42.976357952718104 7.313936306866808 13.409006689390734 29.53106757090974 1.7280817499172652 33.36174760687869 81.3748516519444 74.98302543132256 79.33993688073063 49.60500673999786 23.673177527874557 28.11875251121342 0.4079516759908919 65.87527957326796 64.95164428981965 11.437287891508774 16.880218938430424 7.47207220543612 60.05339915575787 40.75039545238639 40.56988418556937 96.73578782713916 72.87111640391954 30.266049796776052 4.535877597425364 31.591268464158915 49.97334065886635 1.8544140447784185 78.18205153234658 57.42153499669544 23.244798375788 62.08825639090316 48.47168194774495 33.9917593565629 49.19709023924542 61.18624198489155 85.72091795110978 72.66599874107376 41.203266412946114 22.541099071223236
46.51414678542643 23.031054986673063 48.40323996876956 28.32624206161777 6.3286442548350585 21.411293320046443 79.09632635986095 42.14107719693908 51.97903308390921 44.3386467475245 80.06953178465199 7.662238522617937 84.42271343673919 18.652356503687194 20.72478149616529 52.92030262065066 45.162124326334016 25.299396283696208 30.706459546026622 90.72668263595722 72.23039336857897 21.176873428825438 0.346509831770514 37.534899294719494 27.442068157112352 48.64536942729991 98.55948213671326 34.93022524103755 99.38227880920378 91.73376349916957 8.175950908797091 21.438828355081085 8.172568416310867 87.69802749326033 74.8922331831844 57.07878995326233 75.7683512276814 66.4484260388897 41.80954388477345 95.41657999045692 64.45595387913471 47.017872979389885 15.566580137353048 9.997953262361714
24.366129495938736 12.996225705481523 10.797932020067735 61.08660087338018 50.10905415015468 23.183523212776446 98.73104884354073 35.00916361398729 79.58533657744418 92.35514558132836 6.742713023859803 50.55005826533846 65.93736001954697 65.96180664247002 13.6939831220665 96.60193916935758 79.87759989898571 21.529200919662493 56.83044397216078 44.191531634562686 69.06605266433206 72.39151629970357 92.48352979643548 4.568225293601714 38.30000249806409 83.63727171746417 33.00494272325507 55.61103028459852 34.75083719483158 61.791996254032675 65.43207107270017 91.57406220712664 2.601122946931156 3.5618154052591167 33.813364074001996 77.57342147554145 63.01936749749311 40.216207445140725 23.705048783478432 68.01706707061153 78.82516066037711 73.6570329536838 4.42510529731841 46.27533115017077
19.483193141223577 71.12664704390316 23.910175717013594 95.26126969838113 61.482307069597056 35.727445229440846 33.85595275667643 48.35354154768143 13.378358469066121 37.29663721154658 97.92468684730783 92.92739705195558 81.53349023800178 35.096467075736946 64.91137510933456 60.76455317976133 68.63548372946033 71.91015203116378 51.97629672698974 68.01759917166925 36.405901504838624 35.836734562472 98.31813860119412 5.608384419899915 87.86299606970064 27.670664564362358 4.501988930040824 11.17153185028944 9.23965338621323 3.2755652237824284 49.599502178710985 98.46094330539728 31.86426166654711 13.759313384541926 67.84647178555782 95.11310134557884 23.862432332707574 26.83194192295013 41.99049318275431 19.834734584747014 65.3719836520061 37.26336643382812 30.722035649356517 57.24292504665897
95.01830497279236 38.12544530614623 35.17410446431533 30.934203434822273 40.774440133895375 73.68095936073135 3.0709654544050613 77.24166828672529 48.9486193642404 40.31603272026473 55.044233458547964 1.4075402220861788 73.48607375721696 26.651277666210316 92.31605168519695 7.539322052300424 13.107696224858712 69.03655497453967 51.50482146028015 41.81671822762342 33.97635797509068 28.996170544840506 52.966155006011576 77.43899095859808 90.94471309450684 4.2587961769074205 27.655448526901715 93.90068716757291 93.24774900832075 30.249257176930165 52.4290514611096 91.77685341571105 78.11985191434214 64.9107417155337 83.06056174487782 75.87349111535448 40.252430675700836 15.592925074446672 79.94466924641789 1.1431208331748488 11.016085845257406 81.41808435928714 33.4240389449919 3.9205334097514144
73.46944738903206 98.3880612269171 9.935482113882887 71.49333387060052 93.2495893867896 44.248357347376555 88.0877916027271 55.064874470701675 3.3055851595183317 81.67170053230124 59.455533609845816 94.14762195581429 95.34531552631115 51.02739953046515 30.458250709146085 73.53621153365071 18.217193045835835 72.99833465161498 43.91171468744569 48.9747899688744 3.951474480337658 39.95475852437676 80.02374300343072 4.624036267853803 11.982594211582065 37.320618624572354 33.2935722835104 42.0870511814045 80.33944745032662 84.62504758432709 89.88325867357166 43.82915766384059 27.27629283008267 29.978649028165783 25.839126050150885 47.28027311902605 40.98493096727913 98.64660095717409 32.89422062616989 71.5672106039248 83.48656844556186 1.4221217435225864 4.917073103710045 79.71890604269227
93.02114297196745 55.90004193116589 15.316802142393804 35.86014310960226 87.22824795484918 60.70221714692037 32.20780421458066 37.28452950638318 1.9874479136363643 59.2826365275476 21.689367400960393 36.163061326178294 25.856943528699507 51.57403026914893 95.41024934584716 94.12962111050852 0.7305173526462538 55.31041887957948 64.57001250716704 70.00808296985561 70.72842036910077 63.078992130064215 87.67975232138163 30.638359948272786 8.921158225308169 62.81989519141643 89.01406525791734 34.106689589184114 13.140963953398776 70.41073072024159 6.877113648570665 8.6251080781647 3.778243683179372 94.0922303034443 19.49346868689712 49.0068461227447 12.155386914408906 92.11724666099796 84.63101967453703 19.630658843942605 75.3414982774358 46.01200254573177 87.23195829720588 68.14001991048686
33.053159736791486 77.93787466475617 45.27881373337299 73.37191382947933 74.54469616411485 36.77390857850994 78.54063515165795 40.46013312178132 84.61280926121636 27.8637838178427 83.55430896854813 3.567740716138035 20.32205106439301 73.50753382506078 10.856338389425247 94.06158318394515 23.878177916460995 47.01340508639147 13.83158118294564 24.87516420509859 98.51760479328789 34.76534462817212 68.09234280716203 52.49898333018186 23.286954656869373 65.25545660002426 2.9527592589265517 60.750459176922845 26.487585807536938 61.20428260132953 95.34651259056577 5.767901006282727 4.984434055577713 92.56200201562879 60.32908179007097 58.370864291997414 87.3945302439183 98.61917321465461 79.65580553632118 51.95943682233026 96.14004580932084 90.4985896741648 63.25811163284077 82.08097049918679
77.17317146426778 98.52581569934141 89.91973271859784 35.96952364851169 14.198810154579288 58.74276434155723 23.583717270113258 33.7737556590557 13.993914493173154 6.382271469477841 91.74195337560036 10.248937560873339 77.73332225779718 47.91890078578476 84.3414525801552 23.106918254423313 94.60948094732169 81.81629297489698 8.692642608604185 7.122389819028053 82.91809027117458 89.31592542376669 87.68416097885401 49.67403662906384 45.485793922334416 32.79874319039388 43.044047983712495 44.39553650724929 50.78017001048026 25.706696760138893 18.448029911169904 1.9274342074394712 30.055000368388228 96.86538892976361 75.58193054120164 55.27771938675451 19.693085890316453 94.79463037192615 30.78055508040659 44.866407668488975 88.49534089757145 64.65115254455812 84.83792289043073 82.98520163848528
