tin.asc
NCOLS 251
NROWS 251
XLLCORNER 2
YLLCORNER 3
CELLSIZE 1
NODATA_VALUE -99999
[rows 19 to 37 of 251, columns 44 to 87 of 251]
66.61487979198024 66.52208138486013 66.42928297774003 66.33648457061992 66.24368616349982 66.15088775637972 66.05808934925962 65.9652909421395 65.88378201575611 65.80433507835305 65.72488814094999 65.64544120354694 65.56599426614386 65.4865473287408 65.38370937369226 65.19576624838278 65.00782312307331 64.81987999776385 64.63193687245438 64.95707605655072 65.49763174735378 66.1104210936195 66.72321043988524 67.27844684812786 67.82973948625688 68.38103212438591 68.93232476251494 69.48361740064396 70.034910038773 70.63543865029021 71.37485451548827 72.14852879690636 72.92220307832447 73.69587735974257 74.5823870122251 75.47461614084402 76.36684526946294 77.25907439808188 78.15130352670081 79.04353265531975 79.93576178393866 80.8279909125576 81.72022004117653 82.61244916979545
67.42078774590212 67.32798933878202 67.23519093166192 67.1423925245418 67.04959411742169 66.95679571030159 66.86399730318149 66.77119889606139 66.69005456998684 66.6106076325838 66.53116069518072 66.45171375777767 66.3722668203746 66.29281988297154 66.21337294556848 66.13392600816543 66.05447907076235 65.88315586767251 65.69521274236305 65.75880737514174 66.32066773018413 66.91877103172968 67.4700636698587 68.02135630798773 68.57264894611674 69.12394158424578 69.67523422237481 70.22652686050384 70.77781949863287 71.39222904914232 72.14926322032605 72.92293750174414 73.69661178316227 74.46942030058666 75.36571884405669 76.25395826324043 77.14219768242421 78.03043710160794 78.91867652079172 79.80691593997547 80.69515535915923 81.58339477834296 82.47163419752673 83.35987361671049
68.226695699824 68.13389729270392 68.04109888558379 67.9483004784637 67.85550207134358 67.76270366422348 67.66990525710338 67.57710684998327 67.49632712421759 67.41688018681452 67.33743324941146 67.2579863120084 67.17853937460535 67.09909243720227 67.01964549979922 66.94019856239618 66.8607516249931 66.78130468759004 66.70185775018697 66.57054548696225 67.11038785346051 67.66168049158954 68.21297312971856 68.76426576784759 69.31555840597662 69.86685104410564 70.41814368223467 70.9694363203637 71.52072895849274 72.1499976437457 72.92367192516382 73.69734620658194 74.47102048800005 75.2082507450676 76.25777797678131 77.14601739596506 78.03425681514882 78.9224962343326 79.81073565351633 80.6989750727001 81.58721449188384 82.4754539110676 83.36369333025135 84.25193274943508
68.91999618395651 68.9398052466258 68.84700683950568 68.75420843238558 68.66141002526548 68.56861161814537 68.47581321102525 68.38301480390514 68.30259967844833 68.22315274104525 68.1437058036422 68.06425886623913 67.98481192883608 67.90536499143302 67.82591805402996 67.7464711166269 67.66702417922384 67.58757724182078 67.52005861635604 67.5519871686984 67.848583716919 68.4045899514494 68.95588258957842 69.50717522770745 70.05846786583649 70.6097605039655 71.16105314209454 71.71234578022356 72.26363841835258 72.92440634858349 73.6980806300016 74.47175491141971 75.21088056970495 76.11913679703855 77.14983710950594 78.03807652868969 78.92631594787346 79.81455536705721 80.70279478624096 81.59103420542472 82.47927362460848 83.36751304379221 84.25575246297596 84.97161625987377
69.5975299149945 69.64490142940953 69.65291479342757 69.56011638630747 69.46731797918734 69.37451957206724 69.28172116494716 69.18892275782704 69.10887223267905 69.02942529527598 68.94997835787294 68.87053142046987 68.79108448306681 68.71163754566375 68.63219060826069 68.55274367085764 68.47329673345457 68.47874773689097 68.5106762892333 68.54260484157564 68.84920661262356 69.17543047946464 69.64624682265891 70.24554459050552 70.80137732569635 71.35266996382536 71.90396260195439 72.45525524008343 73.00654787821246 73.69881505342128 74.47248933483938 75.21351039434231 75.94971101418588 77.11086244837688 78.04189624223056 78.93013566141431 79.81837508059807 80.70661449978184 81.59485391896558 82.48309333814933 83.3713327573331 84.25957217651683 84.9872409631322 85.66660949999101
70.27506364603249 70.32243516044753 70.36980667486256 70.36602434022934 70.27322593310923 70.18042752598915 70.08762911886903 69.99483071174893 69.91514478690979 69.83569784950673 69.75625091210367 69.67680397470062 69.59735703729754 69.5179100998945 69.43846316249143 69.4055083050835 69.43743685742585 69.46936540976819 69.50129396211052 69.53322251445286 69.84982950832811 70.1760533751692 70.50227724201028 70.87927813656154 71.47857590440813 72.07787367225473 72.64687206181426 73.19816469994328 73.74945733807232 74.47322375825905 75.21614021897966 75.95234083882323 76.68854145866682 78.04571595577144 78.93395537495519 79.82219479413894 80.71043421332269 81.59867363250645 82.48691305169021 83.37515247087396 84.2633918900577 85.00286566639059 85.68223420324944 86.36160274010827
70.95259737707049 70.99996889148552 71.04734040590054 71.09471192031558 71.07913388703113 70.98633547991102 70.89353707279092 70.80086427854357 70.72141734114052 70.64197040373746 70.5625234663344 70.48307652893135 70.40362959152829 70.33226887327606 70.36419742561839 70.39612597796075 70.42805453030309 70.45998308264541 70.49191163498776 70.52422853719159 70.85045240403267 71.17667627087374 71.50290013771483 71.82912400455591 72.155347871397 72.71160721831077 73.31090498615737 73.91020275400398 74.49236679793218 75.21877004361698 75.95497066346059 76.69117128330416 77.42737190314776 78.93777508849605 79.82601450767982 80.71425392686356 81.60249334604732 82.49073276523107 83.37897218441482 84.26721160359857 85.018490369649 85.69785890650783 86.37722744336669 87.05659598022552
71.63013110810847 71.6775026225235 71.72487413693854 71.77224565135357 71.81961716576859 71.79224343383291 71.69944502671281 71.60713683277432 71.52768989537125 71.4482429579682 71.36879602056513 71.28934908316208 71.29095799381096 71.32288654615331 71.35481509849565 71.38674365083797 71.41867220318031 71.45060075552264 71.48252930786498 71.52485143289616 71.85107529973723 72.17729916657831 72.50352303341938 72.82974690026047 73.15597076710155 73.48219463394264 73.94463853221339 74.54393630006 75.1833561431744 75.95760048809794 76.69380110794151 77.4300017277851 78.34936977145591 79.8298342212207 80.71807364040444 81.60631305958819 82.49455247877194 83.3827918979557 84.27103131713943 85.03411507290741 85.71348360976626 86.3928521466251 87.07222068348395 87.75158922034277
72.30766483914647 72.35503635356149 72.40240786797654 72.44977938239155 72.4971508968066 72.54452241122162 72.50535298063468 72.41340938700505 72.33396244960198 72.25451551219894 72.21771856200353 72.24964711434586 72.2815756666882 72.31350421903053 72.34543277137286 72.3773613237152 72.40928987605754 72.44121842839988 72.4731469807422 72.52547432860071 72.85169819544178 73.17792206228286 73.50414592912395 73.83036979596503 74.1565936628061 74.48281752964719 74.80904139648827 75.177669846116 75.88350242667778 76.69643093257886 77.43263155242244 78.16883217226602 79.34109542279425 80.72189335394529 81.61013277312907 82.49837219231281 83.38661161149656 84.27485103068032 85.04973977616584 85.72910831302467 86.4084768498835 87.08784538674236 87.76721392360116 88.44658246046001
72.98519857018445 73.03257008459948 73.07994159901452 73.12731311342955 73.17468462784457 73.22205614225962 73.26942765667464 73.21968194123579 73.14447913019609 73.17640768253843 73.20833623488075 73.24026478722308 73.27219333956543 73.30412189190776 73.33605044425009 73.36797899659243 73.39990754893476 73.4318361012771 73.46376465361944 73.52609722430526 73.85232109114634 74.17854495798743 74.50476882482852 74.83099269166959 75.15721655851067 75.48344042535174 75.80966429219283 76.11469040940311 76.58364871018118 77.4321314598551 78.17146199690339 78.90766261674696 80.33282107413258 81.61395248666993 82.50219190585368 83.39043132503743 84.27867074422119 85.06536447942423 85.74473301628308 86.42410155314192 87.10347009000076 87.78283862685959 88.46220716371843 89.14157570057728
73.66273230122243 73.71010381563748 73.7574753300525 73.80484684446753 73.85221835888257 73.8995898732976 73.94696138771263 74.07422091226442 74.13194713022101 74.16702535541565 74.19895390775798 74.23088246010032 74.26281101244265 74.29473956478499 74.32666811712731 74.35859666946965 74.39052522181198 74.42245377415433 74.45438232649666 74.52672012000983 74.8529439868509 75.17916785369198 75.50539172053305 75.83161558737413 76.1578394542152 76.46683600341883 76.75676554360903 77.04669508379925 77.45483740256786 78.1322777433585 78.91029244138431 79.6464930612279 81.3245467254709 82.50601161939456 83.3942510385783 84.28249045776207 85.08098918268263 85.7603577195415 86.43972625640033 87.11909479325917 87.79846333011801 88.47783186697686 89.15720040383569 89.83656894069452
74.34026603226044 74.38763754667546 74.4350090610905 74.48238057550553 74.5300701021472 74.63668575847572 74.84530636525236 74.9748689420297 75.0325951599863 75.09032137794287 75.14804759589947 75.20577381385604 75.25342868531989 75.28535723766223 75.31728579000455 75.34921434234688 75.38114289468922 75.41307144703157 75.44499999937389 75.52734301571438 75.85356688255546 76.17979074939655 76.50601461623762 76.81898159743457 77.10891113762477 77.39884067781499 77.68877021800519 77.9786997581954 78.3925316391265 78.88210595367967 79.64912288586524 80.57960274587329 82.31627237680924 83.39807075211918 84.28631017130294 85.09661388594105 85.77598242279988 86.45535095965874 87.13471949651759 87.81408803337642 88.49345657023525 89.1728251070941 89.85219364395294 90.53156218081178
75.01779976329843 75.06517127771347 75.11376830109764 75.16636791956427 75.37498852634089 75.58290618098039 75.765520275782 75.8881827563208 75.94387080820535 75.99661307088597 76.04935533356658 76.10642184362135 76.16414806157792 76.2218742795345 76.27960049749109 76.33732671544769 76.37176056756644 76.40368911990876 76.43561767225113 76.52796591141893 76.85418977826002 77.17112719145031 77.46105673164051 77.75098627183073 78.04091581202093 78.33084535221113 78.62077489240134 78.91070443259154 79.3302258756851 79.81980019023828 80.38105306003922 81.57132839721162 83.30799802814755 84.29012988484381 85.11223858919945 85.7916071260583 86.47097566291713 87.15034419977599 87.82971273663483 88.50908127349368 89.1884498103525 89.86781834721134 90.54718688407019 91.22655542092903
75.69746650004808 75.74975601914406 75.9046706874294 76.08971212763544 76.27232622243703 76.45494031723862 76.63755441204026 76.79874682707232 76.86818064018473 76.93761445329713 76.99095075034174 77.04369301302235 77.09643527570297 77.1491775383836 77.20191980106422 77.25466206374482 77.30740432642546 77.36014658910608 77.41288885178669 77.52327278546605 77.81320232565625 78.10313186584646 78.39306140603667 78.68299094622687 78.97292048641708 79.26285002660728 79.55277956679748 79.8427091069877 80.2679201122437 80.75749442679688 81.27288995088297 82.56305404854994 84.2939495983847 85.12786329245789 85.80723182931672 86.48660036617557 87.1659689030344 87.84533743989324 88.52470597675207 89.20407451361092 89.88344305046975 90.5628115873286 91.24218012418744 91.92154866104627
76.35351369087238 76.59651807429047 76.77913216909207 76.96174626389367 77.14436035869528 77.32697445349689 77.5095885482985 77.6922026431001 77.77874471093625 77.84817852404865 77.91761233716105 77.9852884297975 78.03803069247812 78.09077295515874 78.14351521783937 78.19625748051999 78.24899974320061 78.30174200588122 78.35448426856185 78.48599664331594 78.95176965108519 79.22822623762794 79.50468282417069 79.78113941071344 80.05759599725617 80.33405258379894 80.61050917034169 80.88696575688444 81.37407599589675 81.92741165317537 82.48074731045396 83.56317355746995 85.14087413551349 85.81876315562948 86.49665217574551 87.17454119586151 87.8524302159775 88.53031923609353 89.20820825620953 89.88609727632553 90.56398629644153 91.24187531655753 91.91976433667355 92.59765335678956
76.9925762504964 77.39814399817251 77.65116630535033 77.83378040015194 78.01639449495354 78.19900858975514 78.38162268455676 78.56423677935835 78.68930878168774 78.75874259480015 78.82817640791257 78.89761022102498 78.96704403413739 79.0323683719339 79.08511063461452 79.13785289729515 79.19059515997576 79.24333742265638 79.29607968533698 79.3496139630879 80.0365857038869 80.39526521361279 80.67172180015555 80.9481783866983 81.22463497324105 81.50109155978379 81.77754814632654 82.15669862146927 82.64731407106035 83.13792952065145 83.68860467002494 84.5665927438658 85.81038117968401 86.48827019980004 87.16615921991604 87.84404824003204 88.52193726014806 89.19982628026408 89.87771530038006 90.55560432049609 91.30684486505048 92.06843205547395 92.8300192458974 93.59160643632084
77.7064229183474 78.11199066602353 78.51755841369965 78.70581453641019 78.8884286312118 79.07104272601339 79.25365682081501 79.4362709156166 79.59987285243926 79.66930666555167 79.73874047866407 79.80817429177648 79.87760810488889 79.9470419180013 80.0164757311137 80.0794483140703 80.13219057675092 80.18493283943153 80.23767510211214 80.29041736479277 80.90020302365888 81.56230418959765 81.83876077614039 82.11521736268315 82.3916739492259 82.66813053576864 82.94849246262729 83.43910791221839 83.92972336180948 84.42033881140058 84.91095426099164 85.57001193026161 86.47988822385457 87.15777724397057 87.8356662640866 88.57814898684724 89.33973617727071 90.10132336769416 90.86291055811762 91.62449774854107 92.38608493896454 93.14767212938797 93.90925931981145 94.6708465102349
78.42026958619842 78.82583733387453 79.23140508155066 79.57784867266844 79.76046276747005 79.94307686227165 80.12569095707325 80.30830505187487 80.49091914667646 80.57987073630318 80.64930454941559 80.718738362528 80.7881721756404 80.85760598875282 80.92703980186523 80.99647361497765 81.06590742809004 81.1265282562067 81.17927051888731 81.23201278156793 81.76382034343084 82.45079208422985 83.00579975212527 83.282256338668 83.55871292521076 83.83516951175349 84.2309017533764 84.7215172029675 85.21213265255858 85.7027481021497 86.19336355174079 86.68293358981423 87.37262748949091 88.13421467991436 88.89580187033783 89.65738906076129 90.41897625118474 91.1805634416082 91.94215063203166 92.70373782245512 93.46532501287857 94.22691220330204 94.98849939372548 95.75008658414893
79.13411625404943 79.53968400172553 79.94525174940166 80.3508194970778 80.6324969037283 80.8151109985299 80.9977250933315 81.1803391881331 81.36295328293471 81.4904348070547 81.55986862016711 81.62930243327952 81.69873624639193 81.76817005950434 81.83760387261674 81.90703768572916 81.97647149884156 82.04590531195396 82.11533912506637 82.17360819834309 82.62743766320281 83.3144094040018 84.00138114480079 84.44929531465286 84.72575190119561 85.02269559453441 85.51331104412552 86.00392649371662 86.49454194330771 86.99651918886192 87.49961991994702 87.9524356788775 88.45186756340496 89.21345475382842 89.97504194425187 90.73662913467533 91.49821632509878 92.25980351552224 93.02139070594569 93.78297789636918 94.54456508679262 95.30615227721607 96.06773946763954 96.82932665806298
